488.69
739.42
483.40
758.58
496.98
726.20
488.63
920.58
886.38
424.05
800.52
680.67
337.95
466.77
348.00
446.98
457.54
350.51
434.88
430.74
487.73
689.62
870.05
339.80
478.21
926.42
914.00
362.20
838.95
422.84
435.70
456.05
442.55
855.10
370.48
386.55
491.35
708.25
437.83
488.27
703.60
911.45
402.02
369.94
656.67
704.30
471.51
845.55
378.79
419.90
429.95
412.18
803.38
439.91
395.43
507.10
447.58
434.95
675.30
470.38
672.70
379.18
384.32
841.77
457.94
374.19
435.62
457.47
480.09
460.89
410.40
384.86
684.88
474.88
374.00
435.91
726.48
478.35
462.77
347.48
393.05
363.25
358.45
739.88
394.79
459.23
842.17
409.38
842.70
391.18
896.75
402.93
431.20
822.90
465.27
388.36
510.55
954.25
385.91
471.10
797.89
1218.16
943.79
1324.10
1121.20
752.80
1124.72
1200.85
869.93
1116.43
888.70
1217.23
1189.01
1217.63
1220.65
1176.09
702.88
877.78
1074.44
899.13
1296.55
1249.10
958.32
1121.97
905.27
1266.44
697.10
872.67
759.95
768.71
1170.15
1006.71
997.22
681.59
1121.23
607.30
1007.60
1158.72
1171.90
874.40
857.39
1008.75
1076.19
635.97
985.32
1152.65
1296.42
1239.95
747.27
1160.59
696.45
1224.87
1036.55
1180.11
1084.19
973.13
1134.85
1051.83
622.91
881.09
1109.37
523.78
1082.07
966.45
1176.23
1158.78
687.45
761.65
1296.29
387.40
581.63
842.71
929.91
1026.26
1072.87
1165.48
1228.79
822.92
620.87
901.39
1203.51
1073.14
988.86
1308.25
998.66
966.66
920.97
747.82
948.59
1180.20
1239.29
1106.74
941.21
638.65
555.66
1084.05
936.20
560.75
569.56
957.93
1525.88
1347.30
1310.53
912.47
1202.96
1475.68
998.51
718.43
789.53
1314.23
1224.13
1162.01
1214.06
956.01
1525.76
1333.73
1405.13
1109.19
1240.93
1225.29
749.22
1213.22
1595.01
1528.07
1322.20
1080.53
1136.84
1428.25
1010.19
1538.85
546.37
1219.20
948.37
1439.35
786.08
1543.33
811.71
1260.32
1286.60
1218.35
1017.11
1186.87
743.57
1224.66
1407.94
1329.93
1313.22
1667.68
1341.20
1357.42
973.77
867.26
1316.61
1361.29
1523.93
960.88
1178.37
703.89
1239.77
1099.61
1351.23
1453.54
1415.93
883.38
1434.41
1482.62
1328.35
1012.69
1239.71
1449.56
1271.02
1382.70
1185.20
849.94
668.64
1018.03
1435.85
1127.26
1198.95
812.25
1419.78
937.75
1221.25
1508.66
1270.77
1315.02
1570.07
1052.34
1559.14
786.06
1335.96
1339.83
1409.08
1531.29
865.47
1227.27
972.02
1715.35
1340.31
1491.19
1242.78
800.62
2894.57
682.10
1595.67
653.03
2322.38
1837.02
1494.43
1273.77
2851.86
1663.42
973.42
2723.50
1540.84
708.44
982.80
2197.93
1561.76
2443.09
1229.47
750.55
1186.66
1071.62
1111.03
2732.91
1172.16
1265.61
2341.86
906.47
1046.19
1251.29
1297.38
1384.42
1500.75
636.84
1135.78
1118.08
897.81
1004.17
943.24
661.91
1498.81
1226.70
791.09
1384.31
1062.49
1128.85
2547.94
1102.24
1331.64
965.91
1307.05
1095.94
1235.72
1031.87
1746.38
1587.82
1155.40
972.57
1101.39
1529.22
1371.58
1533.00
1090.26
1274.72
1223.19
2706.82
972.96
2755.48
947.44
1492.99
1599.94
1444.84
1566.49
1068.10
1734.18
1195.37
1131.90
1181.83
649.03
923.34
2851.59
2084.51
1053.11
1543.26
1381.07
2036.49
1290.20
1144.38
1322.02
914.42
2593.82
1645.10
1355.40
1066.17
1064.81
1323.52
1032.76
1287.13
965.63
2211.59
896.23
1055.99
1260.93
988.25
1004.74
873.75
487.12
1097.86
1332.29
1403.98
742.49
793.04
808.67
689.21
1085.98
798.80
1129.35
716.61
1042.83
970.74
693.05
687.18
864.63
906.03
1082.05
867.25
466.35
1149.97
562.89
1113.19
1002.66
970.88
727.57
1220.45
641.88
1350.59
634.48
1348.65
861.51
815.29
1192.69
1878.85
601.35
979.65
1010.78
980.01
1116.05
961.79
1493.72
1471.58
1653.22
1877.67
1613.19
1257.06
1338.40
1294.32
1697.26
1708.27
1384.18
1324.35
1441.38
1376.77
1625.78
1843.30
1446.83
1617.91
1672.60
1435.46
1135.03
1403.13
1424.93
1452.05
1455.77
1447.27
1604.12
1606.25
1505.24
1668.44
1219.95
1372.29
1458.98
1548.21
1356.52
1353.58
1639.39
1611.27
1018.02
1684.88
1650.59
1030.58
1801.38
1220.55
1773.12
1470.42
1581.00
1375.84
1394.43
1337.74
1566.72
1576.92
1210.05
1331.16
1562.94
1317.88
1424.86
1152.68
1562.51
1204.58
1456.19
1125.42
1212.33
1628.51
1396.19
1519.29
1212.85
1548.32
1497.69
1743.44
1524.18
1314.47
1502.74
1639.73
1750.95
1608.40
1148.46
1866.78
1511.81
1565.16
1234.85
1366.14
1964.68
1287.89
1543.70
1866.54
1713.92
1549.69
1450.07
1137.89
1962.93
1489.68
1338.62
1368.66
1712.78
1606.18
1443.06
1518.01
1681.19
1392.77
1154.10
1019.95
1086.20
1114.54
1020.98
530.96
665.66
905.95
985.91
1104.65
813.13
1112.39
981.12
761.53
1128.29
644.89
878.64
730.12
971.41
1092.23
729.20
585.23
972.07
1158.76
1088.78
638.41
1108.62
654.04
1046.29
599.05
592.73
1024.20
739.37
679.66
776.66
1172.05
1090.51
975.45
975.80
1068.03
1146.88
936.65
1009.85
1161.36
663.03
1131.87
1119.24
1057.62
919.16
1046.45
1095.76
886.62
1186.92
1095.43
701.63
1117.02
962.78
557.37
900.78
1180.71
989.20
1010.10
991.15
1153.53
1120.46
966.12
967.81
1072.39
1168.77
710.88
1159.03
480.48
1087.67
571.02
775.34
1069.60
1100.28
866.81
1152.27
941.19
928.94
824.73
690.22
1151.91
943.57
773.48
1223.32
1104.36
571.56
1242.91
503.87
1068.92
845.09
994.27
1012.56
989.63
705.44
1055.54
1143.33
923.06
1250.24
1447.27
1398.20
1279.58
1548.19
1479.70
1339.37
1628.41
1449.77
1613.00
1417.72
1565.71
1374.81
1657.69
1489.70
1420.64
1417.20
1342.70
1370.63
1466.25
1425.55
1353.39
1413.14
1605.30
1327.09
1574.43
1437.09
1338.45
1454.78
1516.52
1460.64
1321.42
1571.46
1620.63
1474.25
1491.42
1446.88
1437.88
1575.99
1447.95
1312.60
1429.55
1592.95
1295.71
1336.32
1503.15
1561.53
1492.30
1443.46
1375.10
1469.83
1426.10
1431.31
1527.30
1455.92
1494.17
1567.86
1289.96
1480.55
1421.68
1576.29
1584.27
1595.66
1408.84
1610.07
1506.28
1594.59
1511.56
1505.14
1451.56
1408.75
1446.22
1545.48
1651.18
1515.23
1352.27
1471.26
1486.24
1439.21
1472.14
1449.62
1369.88
1352.14
1560.51
1251.89
1253.53
1467.60
1387.34
1458.79
1483.34
1470.49
1521.05
1427.59
1366.59
1376.77
1376.38
1479.10
1437.85
1422.36
1428.52
2653.55
1925.92
635.83
1730.97
1114.48
547.18
1013.27
1083.29
983.12
1055.00
1511.31
1793.36
1415.62
1442.45
2035.49
1529.96
1364.64
1665.56
1717.29
1189.10
1579.26
1516.42
1375.84
1461.68
1243.53
1129.98
1353.39
774.33
1567.22
1186.04
1725.02
1454.13
1365.77
1519.12
1170.38
1563.06
694.21
1533.09
1251.41
485.99
1498.83
1319.62
1124.69
594.05
2479.95
1402.98
1794.38
1099.60
1599.73
3223.84
1476.13
1145.34
1071.77
1474.46
1433.73
1048.37
1146.77
1651.16
1151.17
1878.24
1076.73
919.58
1349.92
926.51
1218.05
1252.19
1102.79
1683.58
2675.96
683.35
1233.25
2689.01
1504.14
493.37
1334.33
1253.96
1183.08
1475.41
2085.91
1222.88
883.98
803.46
1375.57
1399.32
1460.68
1326.03
1180.51
1319.37
851.33
1706.67
1449.83
3057.00
1195.23
2983.17
1955.17
1588.19
1688.83
1377.55
1157.67
1042.14
1259.78
1664.45
1536.79
1706.42
1824.32
1524.01
1751.80
1528.74
2560.54
1480.39
1095.82
951.48
655.58
1506.18
3361.65
1147.57
1277.04
1709.46
1166.15
1344.42
788.87
1251.98
1389.45
1168.96
1182.66
1424.29
780.95
1329.70
1222.09
1470.44
2069.55
1174.73
1621.09
1483.32
1143.18
1370.62
1785.49
1790.27
1641.01
1308.12
2223.22
1387.44
609.94
1469.83
1022.86
1629.34
1486.37
1088.24
1243.19
1320.44
1425.43
1236.18
1415.26
1431.21
1269.25
659.33
1305.48
2053.64
1169.06
1372.69
1711.03
550.62
1531.34
1527.02
1407.62
1123.34
764.19
1335.96
1163.79
1427.88
1379.81
1863.86
1040.51
1443.01
1115.09
1549.05
1370.79
1858.75
1652.91
1525.88
1022.84
1747.86
1423.57
1448.56
1552.10
1646.51
946.21
1063.31
1203.77
1240.14
1621.78
1376.95
1658.81
1143.57
982.36
1251.29
1372.99
1469.17
1292.64
1361.21
2012.84
1477.37
1723.25
1266.79
1002.86
1487.92
1813.99
2019.79
1431.21
1621.36
1614.54
1291.26
1758.05
1938.90
1662.14
1518.44
1637.63
1611.42
1900.24
1061.80
980.85
1614.57
1609.10
1490.01
1064.52
1621.24
1830.49
954.72
1500.64
1338.89
1414.81
1083.26
1104.94
1400.31
1658.08
1197.69
1366.07
1533.11
1654.22
1465.51
1302.18
1378.63
1460.51
1190.57
1585.27
1297.83
1287.85
1498.74
1644.84
1797.08
989.44
817.66
1587.86
1546.83
1337.33
1800.01
1314.53
1847.42
1249.25
1701.50
861.14
1568.35
814.34
1284.23
1503.89
1514.00
1003.06
1754.41
782.98
1466.34
1462.25
758.13
1380.74
1636.08
559.53
977.28
1560.46
1670.57
1475.74
1131.58
868.50
986.83
1188.39
1768.62
2924.65
962.80
1488.29
821.61
971.35
1416.56
1453.53
945.35
1730.25
952.61
1073.76
1190.23
716.99
1046.55
1098.48
1485.84
642.63
1061.73
1493.65
1890.33
3169.41
1215.75
1346.92
1625.50
946.82
1642.09
1641.02
901.44
640.28
1442.85
1449.74
1322.42
1367.51
1335.30
1639.82
1309.79
1373.54
1331.81
2738.91
1151.52
1509.67
1284.13
838.94
1406.93
1389.43
862.34
1462.47
924.53
1234.56
1278.89
1220.94
1571.59
1049.10
1487.07
1603.15
1668.46
1657.22
1114.95
699.14
1215.77
1286.44
3178.61
836.27
752.98
1637.70
1355.19
910.22
914.50
1469.17
1068.29
1130.32
1665.68
1275.20
1112.80
864.03
1631.99
1340.21
1355.10
1678.65
1258.70
1361.57
1260.60
1353.80
821.18
1656.52
1222.10
1137.54
1161.76
1802.65
1423.37
1535.76
1937.76
1840.19
1368.18
1227.01
1353.71
1106.37
1660.12
1332.07
1027.67
1344.61
1550.83
1133.08
1145.45
1417.06
1413.61
1657.72
1048.54
738.93
1030.49
1173.89
1076.54
1260.34
1606.45
1550.78
1224.28
1368.93
1205.28
1350.03
1706.81
2696.91
1351.65
1441.78
1451.24
1461.41
823.49
753.16
1141.31
821.12
1585.77
1559.01
1404.92
454.94
3264.99
1367.10
1200.69
1415.00
1739.82
1088.71
1566.07
869.44
1283.10
1277.09
2029.55
1674.96
1666.12
459.03
1560.22
753.52
1314.06
1395.26
1385.84
938.92
1574.94
1156.06
869.91
1626.46
796.35
1280.76
1306.82
1633.15
1660.70
1613.19
1396.28
982.64
848.52
1383.63
1110.35
1306.57
1269.44
1263.85
1648.51
1221.43
823.10
1670.31
1042.57
1436.27
1007.75
1378.98
1420.02
1787.19
1637.03
1728.40
807.95
1497.51
1099.92
1069.55
2174.52
1592.98
1508.44
1629.81
1679.81
1523.24
1369.58
578.22
1790.29
1218.15
1117.53
2022.16
1232.94
1281.03
833.14
684.86
688.97
3281.29
1434.61
1517.44
1174.10
1061.16
1066.69
1078.18
1531.65
1395.43
1650.83
1647.99
3181.22
1505.75
1531.27
970.01
2371.55
852.04
1037.40
1972.40
1072.94
1686.18
1395.73
1965.42
492.63
1286.03
873.15
1542.87
1400.83
1553.49
1059.58
1355.56
941.23
1220.63
1536.89
901.27
1293.46
1447.55
1585.75
1480.04
774.96
1170.82
1342.20
862.78
1568.28
2499.36
727.10
1299.65
1181.30
1454.41
2006.35
460.15
862.09
1311.10
1664.47
1557.67
1479.78
1428.13
1287.11
1587.32
1610.41
1512.33
1158.09
1476.51
2688.60
1502.75
1564.33
1523.90
1829.84
1853.60
1400.07
1417.26
1121.57
744.81
1099.50
1391.71
750.81
1639.44
1191.51
722.69
1294.54
1276.14
1419.71
916.10
640.60
1417.18
877.04
502.77
1663.83
3109.74
1136.13
2389.25
1433.35
1409.00
1005.82
1163.13
1066.30
1785.15
1390.47
1545.15
774.80
1357.72
1210.89
1102.04
1034.03
1665.54
1737.57
964.61
1630.11
1014.96
1215.31
990.75
1619.32
798.34
1444.49
1971.69
1318.44
1883.08
1464.14
1370.40
889.16
1102.39
1415.59
1243.91
1334.39
1634.42
1551.46
1333.77
1821.48
1280.86
1442.23
1075.86
1525.15
1760.41
1766.41
1071.28
1210.14
1301.38
1263.39
1744.60
1353.41
1773.22
1261.44
1399.00
2801.56
825.37
1459.46
1434.04
2672.34
1536.06
1271.40
1538.41
568.41
1782.97
1573.48
1234.48
1294.69
1659.31
1321.20
1643.88
1585.67
1634.24
1834.82
1146.13
2141.41
1271.21
1425.52
659.49
538.34
1331.09
1351.68
1067.47
429.45
2885.55
803.85
990.07
1477.03
1706.19
1998.90
1605.13
1685.73
1107.42
1546.60
1260.10
801.54
1184.38
1407.43
1320.41
1457.64
1451.78
857.44
1596.55
1195.20
1770.40
1786.54
1172.41
1522.38
1506.25
1405.59
1313.01
1122.29
1483.23
1428.45
930.83
1577.79
1594.38
1659.13
777.38
1358.68
1276.68
1836.20
3184.38
823.30
1499.67
1401.30
1352.60
1131.76
1982.04
1645.92
1433.94
1623.17
1454.33
845.52
1617.61
996.23
1088.88
1173.35
1529.73
1431.28
2886.72
1391.02
1092.10
1302.68
1219.99
1161.56
2999.83
1400.84
1020.13
2794.15
1181.22
1137.07
1995.66
3633.02
1721.23
1271.16
2185.30
886.00
1752.74
1445.58
1263.83
3151.57
2059.88
471.71
1313.38
814.40
2692.66
2535.07
1389.47
1588.85
1497.89
1028.60
1321.99
464.95
1253.58
1591.89
1890.99
1506.40
1022.81
1332.29
609.23
681.01
1697.12
933.36
1767.63
1114.70
1831.86
1326.49
1152.93
1486.10
2029.45
875.63
1794.49
1322.42
507.30
2086.05
668.59
2805.18
938.88
1753.89
1230.64
1381.19
1392.99
758.15
941.03
1126.08
1188.03
828.01
1503.38
883.57
1691.20
1513.10
1209.10
2168.86
1219.30
638.64
931.93
1290.02
915.70
1479.13
1742.13
1360.38
882.07
790.91
1124.05
1123.19
1194.87
1172.94
1898.76
1604.59
599.09
401.88
1696.48
1281.36
518.13
1029.07
1591.63
1203.17
1164.00
1714.90
1552.44
1844.83
1672.39
732.27
1273.34
1268.18
1450.58
1277.97
2120.32
1476.78
1573.86
1525.56
2387.71
1516.70
751.03
1253.17
1161.98
905.65
1602.06
1628.32
1296.20
1409.23
1242.92
1628.71
1265.17
825.18
1402.32
1145.90
796.33
1505.08
1391.78
1244.50
1256.33
1738.87
1796.28
1743.19
701.30
843.62
1152.98
1730.33
1273.01
935.10
2037.27
1649.56
1494.22
1661.64
1439.68
1418.97
1276.76
1028.98
1837.08
1540.39
583.13
1032.10
864.64
1601.30
1215.76
1400.62
1194.11
1313.37
1169.30
1395.62
3482.74
1156.18
1540.64
1266.04
1292.63
1189.32
2004.55
1057.84
1196.52
846.58
1156.29
1609.60
1256.98
865.93
1712.34
1361.08
2036.63
1457.93
1773.24
1212.64
1154.65
1530.97
1558.81
1692.90
1535.33
1669.63
1608.21
1286.85
1124.98
1147.64
1467.36
1290.12
1463.25
1508.47
2651.52
1447.86
1418.88
1394.40
1484.48
1481.90
2685.37
1074.03
1382.38
1478.85
802.94
587.45
923.46
592.39
758.94
776.96
893.43
1389.91
627.53
1221.63
1961.57
555.26
1108.67
1363.93
774.69
1457.68
1582.58
1265.83
1587.54
525.14
1323.14
1150.33
1389.29
1173.88
1268.26
1468.67
1624.01
3505.90
1372.83
770.88
1541.94
1339.71
1458.21
720.02
1108.64
1090.48
1287.72
594.73
1066.69
968.27
3181.15
1430.95
1705.77
1153.90
1646.63
2399.91
1110.23
1064.44
792.81
1652.79
2843.16
1359.20
1582.72
925.31
498.83
1142.16
1463.81
1461.21
813.51
1541.91
1816.69
1438.90
1005.50
1377.86
2062.42
951.52
1357.76
1091.40
1316.89
1029.82
1166.52
1362.52
1287.84
1152.49
1593.45
1540.33
1571.09
1131.58
1239.82
1374.17
1697.79
1549.81
1423.34
1098.89
812.66
1301.73
1277.07
1502.33
1055.20
830.86
1131.46
904.47
1766.85
1171.42
1747.59
483.28
1761.39
1152.88
1144.86
1152.16
1458.44
1455.80
1407.21
1350.52
2513.57
1540.64
1429.94
976.39
1581.96
561.11
870.81
1510.01
826.78
1750.39
2526.27
1738.19
1991.48
1643.12
1586.92
1115.32
1456.35
1913.41
1614.18
1451.63
1371.47
867.39
751.85
1259.41
1539.78
1416.00
1258.95
1708.49
1545.33
1487.37
1376.47
1341.95
883.95
1706.28
1608.63
1718.26
589.98
788.44
952.11
1164.86
1681.94
1495.66
1440.81
1450.12
1353.95
1174.87
1349.31
1446.98
1996.27
1414.58
742.09
1110.57
1303.15
1462.49
1287.04
1413.19
1263.79
1170.90
902.20
1246.79
1213.37
3121.15
682.96
1684.60
1759.86
1519.27
1753.10
2110.85
1767.63
1532.13
2515.48
1126.58
1451.07
1512.04
965.22
1405.11
1575.46
1593.25
1402.84
1475.17
1441.11
1578.27
1501.67
1412.56
1149.89
1133.69
804.86
947.30
1193.18
538.50
1848.83
1374.16
1413.63
1587.28
1305.59
821.34
1588.21
1566.47
1192.55
968.68
1645.03
1252.72
1094.06
1199.98
1288.03
871.39
2839.14
1709.37
1260.97
1683.78
3481.45
1560.01
1751.84
1397.67
1646.37
1319.13
1364.37
1364.86
1381.02
1533.37
3083.44
1336.51
1131.01
1885.86
2329.66
1553.12
939.44
1243.10
1596.51
1588.13
1215.66
1879.21
895.60
1256.14
1154.24
1126.36
888.20
1415.31
1544.94
1286.65
1460.04
1815.29
1580.75
1435.89
1003.29
1170.58
728.08
1237.88
1051.17
1750.26
2272.39
1308.85
1114.47
1327.92
1521.89
2711.24
1404.51
1557.01
1789.94
1565.12
1084.32
1158.16
2374.62
1213.53
1200.66
1276.95
1097.41
1606.22
1258.42
391.40
671.28
1304.33
1309.74
2885.75
964.58
1617.77
1069.53
691.63
1391.92
1517.85
1464.91
1400.81
1839.88
2499.25
1288.81
1049.44
1745.52
1453.71
1357.56
1490.24
1498.50
604.92
1348.23
1074.01
1279.42
1837.00
556.19
1007.34
1264.93
1369.11
611.17
1641.97
1587.18
1187.41
738.24
1186.07
1134.49
1314.64
1499.12
1407.07
916.33
575.88
877.50
1390.64
1552.23
1513.12
1248.43
1219.33
1746.63
1694.20
1533.78
2405.05
1415.45
1321.70
1503.14
1647.24
1567.68
1113.95
1595.27
1226.72
1050.62
1183.43
864.67
1327.31
1866.78
1573.26
998.91
1266.91
1344.40
1500.87
1637.73
2832.05
567.67
772.39
1534.01
1495.32
1657.15
745.97
1733.26
1781.21
960.77
1382.01
1096.36
1025.55
2103.95
1475.64
1549.04
1468.83
1091.40
978.21
696.04
1639.85
2773.57
1696.59
740.35
1088.62
1528.13
1296.51
1218.22
1362.35
924.69
1241.92
1631.43
1516.32
783.90
1804.88
1258.50
1439.16
1697.77
891.59
920.79
624.29
1355.86
1561.99
861.07
1049.88
1692.26
870.14
936.29
837.03
1291.38
1820.04
1422.99
1474.25
889.26
1127.35
1206.95
1591.24
2528.13
1468.93
1502.72
1514.23
401.86
1319.62
2018.92
1437.96
1554.87
1513.09
1467.44
583.28
1597.23
1245.35
1433.37
1637.82
593.92
1691.10
823.81
935.31
1162.02
1211.79
1362.46
1309.26
1164.89
1236.35
1172.05
2781.78
1245.41
1412.86
910.97
1515.12
1469.11
1533.98
1858.43
788.53
1841.67
1606.67
1403.99
753.50
1392.71
2391.41
1459.85
1265.90
1339.33
1467.38
2909.06
1698.80
1539.87
1572.96
2569.22
1183.90
763.47
1591.25
1414.94
458.98
1310.32
1782.81
1773.72
1192.18
1061.64
553.49
995.36
1652.37
919.60
1428.15
1144.72
924.99
1211.64
1466.94
1138.96
1452.08
822.71
1509.15
983.99
1544.57
1461.07
1338.15
1268.11
1631.24
1312.32
1287.04
1329.78
1368.20
3216.53
1482.93
1094.84
1611.48
924.15
1253.36
1210.99
850.02
1541.83
1204.40
1433.46
1191.58
2082.32
1619.50
2907.86
1996.58
1275.55
755.88
1532.46
1650.06
846.90
1784.73
957.56
638.92
1334.30
795.45
1512.99
1715.18
801.73
1748.91
1480.18
1438.77
820.68
927.89
855.39
1276.05
1376.20
2515.83
1516.46
1649.64
1110.65
1504.94
926.53
1054.07
1374.44
535.73
969.73
1267.08
1472.83
1332.44
1584.11
1696.51
1450.24
1392.52
1578.11
3033.22
994.16
1644.54
2936.64
1314.33
1846.51
1716.93
1009.40
1563.74
1674.93
1301.72
1217.86
1085.55
1179.24
942.50
1841.87
1033.61
1339.80
1728.47
1040.55
1456.50
937.16
1749.41
1011.81
1603.61
1383.99
2023.87
1501.58
1702.63
1360.37
1551.39
1212.23
1728.86
1334.71
1268.58
1151.25
1756.88
919.25
1379.37
1241.90
681.98
628.59
1615.22
849.81
1330.30
999.69
880.66
1523.90
1365.78
2197.72
1629.10
1216.67
1174.72
1511.84
1067.79
913.37
1493.66
1246.25
1258.68
1086.02
1122.80
1296.85
1603.11
1315.14
812.62
1887.10
1206.43
1515.39
2667.34
1367.84
1842.19
731.44
1631.06
1807.11
1361.47
1245.41
1384.31
672.89
1434.46
736.62
1537.44
1486.64
2059.36
971.09
1152.85
672.47
1480.16
944.82
1159.33
1499.85
744.38
690.59
896.94
709.58
345.70
1684.31
1734.97
1291.33
1236.06
805.63
1163.51
1181.82
1505.34
760.67
963.82
1354.85
1454.09
603.59
1429.55
741.69
760.35
1107.65
1401.36
967.71
1868.08
1330.10
1801.52
1376.07
1484.41
1764.84
1427.14
1316.00
1781.99
2361.79
719.60
875.98
1562.47
1106.02
1504.49
904.47
1348.52
1362.65
1430.39
2359.22
1709.38
1351.58
1124.09
1548.17
1222.25
896.11
1443.87
1185.58
1740.19
2166.40
1566.55
1191.21
621.89
1404.16
737.88
737.60
1073.91
1277.19
1689.74
1341.54
878.76
1160.11
1552.76
1612.14
1322.70
1068.63
1775.13
746.09
1799.39
1360.31
1033.23
1500.26
1388.90
1535.24
1418.66
1375.45
826.79
657.04
1480.94
1811.57
1280.02
1097.05
1332.23
1621.04
1040.93
1786.48
1340.08
1520.46
1352.48
626.27
1435.29
1086.41
1463.01
874.53
1413.20
1036.88
998.26
1365.36
1393.44
1756.37
1213.90
1451.18
822.59
876.36
1418.41
1535.14
1624.95
1396.30
2712.39
758.81
2623.27
710.30
1390.06
1139.31
1468.70
1461.79
1373.61
2232.93
1246.90
1214.29
1380.57
541.66
1652.62
1601.86
1023.17
1116.26
1596.66
1761.59
1092.50
1705.40
1208.25
1522.73
1332.85
1636.14
1576.97
1055.42
524.35
1516.47
1429.41
1274.49
1300.24
1681.30
1385.61
1262.22
1548.80
1819.11
836.88
981.69
1146.91
1442.89
1763.93
1810.17
1409.16
1433.05
1406.82
1613.92
1192.87
1805.28
888.58
1804.45
1600.18
1476.52
1518.71
687.62
1143.91
1095.56
1866.92
1487.19
622.66
1456.66
1538.22
1571.85
1278.65
766.23
718.72
1406.14
1664.18
1884.99
1671.16
1806.85
1613.89
1288.37
1893.06
2029.25
1725.03
1102.25
1540.03
845.62
2020.11
1735.67
1001.76
1171.66
2046.79
1558.19
1259.03
1379.47
1317.66
1252.77
1480.52
788.60
909.35
1014.17
1086.85
517.07
843.13
1043.12
1236.47
757.13
1273.06
948.48
1899.21
1449.53
1487.37
1516.41
1607.50
2026.49
1606.86
1388.98
1726.67
1650.96
2014.63
855.04
1231.17
1606.79
1474.64
1671.81
1295.14
1051.35
1567.81
1393.02
1750.60
736.77
1833.73
843.20
1383.05
1114.76
833.12
1892.38
1219.68
1773.59
1179.64
1460.02
1312.52
1277.16
1270.90
1456.45
1786.05
1451.22
1419.11
1048.81
1595.00
1633.98
713.71
1294.91
1553.57
1247.29
936.93
1104.62
1044.64
1634.29
1316.15
1411.82
1123.44
1768.05
1396.41
638.72
1305.68
1266.37
1821.79
1661.44
1884.52
2563.19
1259.19
1723.29
1126.70
1640.47
633.24
880.60
1467.25
1172.23
1582.02
3068.49
1516.30
1433.72
1384.24
1930.89
685.26
2188.64
2182.01
1444.17
1769.12
1422.27
1480.83
1499.15
703.74
1611.47
1628.89
1232.68
1547.04
1408.39
1681.52
1104.46
1626.84
982.11
666.87
1629.24
1511.17
1098.83
624.29
1405.40
1741.06
1612.84
1058.73
1292.46
1618.10
1795.85
1326.44
1428.57
1173.82
832.54
1436.34
626.30
1385.16
1475.53
1215.01
1483.86
1596.81
1821.40
1230.86
1415.30
1559.93
1824.82
1966.22
699.63
1665.30
1145.11
1522.43
921.52
1369.12
1597.93
1515.49
1332.83
1239.42
1636.38
961.05
1744.81
1200.14
1353.47
837.15
1739.67
1344.96
1500.20
1420.30
782.14
928.26
719.60
1395.64
1550.36
1834.50
1493.63
2145.12
1543.75
3294.61
1439.70
1337.25
985.86
1450.29
1301.14
1281.26
1408.81
844.69
1242.46
457.74
2315.15
1354.26
1203.58
1447.36
1303.80
1531.61
1278.32
1631.28
1781.56
1075.05
1450.17
2300.92
1461.01
1446.08
1261.47
1637.48
593.98
1634.83
1601.79
1084.50
1964.54
858.15
1500.84
1970.79
1212.80
2146.89
1235.56
1381.58
1594.41
1306.90
1574.26
1065.71
1071.01
1485.80
786.37
1396.44
1425.21
842.10
1141.62
1426.10
1285.64
1360.06
1726.14
1053.06
1297.85
1303.01
1571.33
1009.44
2531.02
1759.84
1332.50
1488.56
1647.25
1368.23
1685.72
903.02
1225.57
2638.02
1087.78
922.44
1116.51
1519.75
1437.62
1817.30
1901.73
2317.65
1410.83
1429.62
1372.39
1713.81
1282.65
926.74
626.78
1318.22
1591.67
1058.42
1424.81
1418.24
1511.41
1191.27
1209.12
937.02
1393.99
1648.17
1579.89
1104.47
1368.22
566.96
1325.88
1720.62
1113.89
1149.24
1512.39
1708.64
1090.58
1568.26
1374.11
905.07
1349.35
1330.22
1523.22
1330.36
1444.70
1521.13
1974.47
1388.89
1044.34
983.10
1680.78
1495.82
3472.85
796.44
1460.30
1209.62
1326.14
1349.49
1309.71
2135.81
1913.98
1220.57
2483.20
1856.77
2195.55
1713.68
1316.28
1215.16
1519.13
1452.25
1212.60
1273.86
1344.17
3444.67
759.84
1104.25
1369.30
1115.38
1583.54
1393.00
1378.15
911.68
1999.09
808.30
1814.63
1385.35
1273.81
1747.62
3451.23
1472.32
1832.85
1451.69
1510.86
1451.41
1503.12
2000.61
2046.25
1310.99
1533.22
1569.62
1333.20
1586.83
1443.30
1594.47
733.76
838.86
1471.05
1549.34
1401.80
1325.66
2043.31
1480.94
1267.23
747.54
1839.97
1579.14
1693.90
1532.00
2338.66
477.54
1373.90
1706.44
1349.93
1320.89
939.65
1576.39
1588.94
1510.68
3470.41
1325.27
1716.48
1708.97
1076.54
3144.54
1427.58
1193.70
1121.75
1710.31
1316.53
933.70
1199.86
1271.47
1496.20
1379.10
1245.29
1881.46
1314.85
1373.13
1427.84
819.58
1671.44
1243.71
1922.15
2451.71
1638.90
1482.89
855.05
1079.91
848.13
1229.74
1200.04
737.33
1752.43
1300.08
1227.55
1598.78
1583.17
1609.67
1446.70
1652.98
1703.16
1461.13
1254.61
1435.01
1707.69
1846.82
1240.18
1635.52
1264.15
1496.09
1786.02
1081.72
1046.57
1504.12
1323.73
1259.67
827.69
1273.14
1716.52
1944.10
1623.17
1259.32
1615.35
734.48
1280.95
832.51
2292.45
1473.63
877.19
1197.35
1547.92
1546.11
1639.91
1307.71
874.85
2867.05
1169.18
1915.06
1476.83
1271.61
1619.88
1245.78
862.78
1275.21
1052.89
1206.66
775.33
2141.74
1690.18
1620.50
1468.55
2025.07
795.87
1803.04
1046.78
1630.72
1841.28
1568.98
1173.60
712.66
2111.45
1318.42
1211.87
1561.06
981.86
1303.34
1578.41
1224.66
1723.76
1389.57
932.07
1619.54
1853.49
3247.03
1480.94
980.07
1601.45
1451.13
1645.80
2500.44
1798.01
1730.13
1199.76
1272.36
358.76
1273.06
1151.33
1493.35
1239.95
1383.67
1391.56
1482.70
1131.25
1464.16
492.31
1539.48
1643.46
1575.57
1457.24
1601.68
1712.64
957.18
920.91
1258.57
2393.11
1969.02
1672.70
1603.37
753.89
1390.54
1532.33
1021.22
1537.60
1545.57
1010.02
1436.47
2537.53
1620.31
1631.14
1538.48
997.65
1838.60
881.74
1148.68
1251.39
970.63
1596.97
1427.64
912.18
906.61
1196.54
528.34
1407.71
1417.11
1347.07
1228.31
1355.31
583.50
2066.11
1752.17
684.82
1180.32
1149.24
754.38
1417.18
1713.19
1262.12
1508.09
1313.47
1321.42
2075.18
1393.15
1465.83
630.34
1782.10
1527.70
1191.92
1370.90
1568.57
1238.74
1410.92
1452.06
1501.91
1888.08
1566.75
1344.25
2165.11
907.49
1666.47
898.74
1227.41
920.70
1552.14
739.38
1617.86
752.38
894.47
1836.61
1199.94
1025.50
620.20
1310.46
904.61
728.24
1606.85
1352.21
1458.10
1091.39
1571.96
1590.75
3571.84
901.69
1509.99
1404.57
1730.32
2555.06
1034.18
937.76
1334.79
2583.43
1226.52
1371.43
1518.03
1590.44
926.04
840.27
1578.22
1942.46
1918.42
1568.37
1737.04
1626.54
1384.18
1407.22
1563.19
832.55
1727.78
1820.21
1351.20
588.08
1275.68
1310.40
1855.50
889.91
1200.55
1022.61
676.54
2833.38
1509.67
1268.46
1382.32
1879.40
479.82
1266.96
798.85
1746.76
806.44
971.90
927.23
1450.68
1066.73
1435.41
1752.20
1388.33
2358.02
1450.50
1295.69
1244.10
1743.81
1393.60
812.09
1908.22
1253.01
1250.91
938.60
1336.22
1157.81
1281.73
1357.35
1421.92
1527.74
1609.45
1573.73
880.21
1653.19
1360.70
1235.01
417.22
1545.86
1772.51
1528.19
1426.52
3156.41
1730.42
1310.66
1257.96
1537.11
1497.25
2040.03
957.60
1549.20
1649.21
1421.45
1796.75
1671.49
1544.86
1473.53
1422.19
1090.64
2146.99
1503.75
1144.75
858.47
1530.66
1094.34
1716.92
1256.27
1627.49
1444.25
1580.86
1652.32
736.33
1236.39
1292.70
1401.86
1587.27
1232.89
1311.02
1131.15
1258.97
925.53
825.23
1138.36
3446.51
1715.20
770.97
1566.22
938.72
1765.50
1194.76
1217.14
1162.55
1549.18
1559.25
1769.44
1118.44
694.47
1027.47
1957.68
1742.65
2101.87
1767.09
1193.45
1563.71
1340.60
1502.83
1469.30
1547.04
1669.56
1059.17
1197.74
1135.96
1317.89
1562.36
2178.52
1717.06
1313.60
1289.89
1309.33
1350.04
1329.78
1529.20
1644.89
1930.30
1207.33
863.96
1229.85
1663.78
1533.24
1249.79
649.17
1477.70
1728.65
1290.31
1616.71
1677.76
723.22
1249.93
1594.03
1569.25
830.43
1491.17
623.84
1469.30
1293.81
2171.22
930.94
691.10
980.55
1346.82
1525.44
1458.82
1321.81
1415.99
1523.62
1069.27
1860.42
1567.60
1440.61
1353.48
782.64
1408.31
812.97
1460.65
1352.99
625.78
1468.58
3023.09
1221.36
1588.63
1212.29
1627.25
1548.36
1048.56
1379.96
1524.13
1198.76
1438.79
1187.12
1136.50
1829.16
3188.39
1045.16
1190.76
1384.09
1731.71
1529.29
1186.67
1513.08
971.72
1188.24
1284.82
1084.51
1356.82
754.10
1182.77
1508.80
1594.34
1210.24
1101.93
1777.45
1314.55
1614.81
2406.88
1359.18
936.33
1028.96
1175.09
797.87
606.07
1124.51
645.47
1503.21
1396.36
1563.28
1403.31
1536.77
1887.23
1291.87
1377.97
1183.90
1028.04
3239.89
1392.70
793.27
2241.51
837.26
627.79
1732.20
1422.97
2721.98
1205.42
581.36
909.12
1603.09
1119.98
1120.12
1540.88
1479.60
2825.58
1291.70
1642.99
1350.11
1343.13
1339.83
1085.30
1763.74
1330.68
1166.89
1365.46
1306.48
506.25
1331.67
2447.23
891.14
1868.71
1369.52
1573.99
1163.59
1428.16
941.50
684.88
1576.62
1204.21
1291.26
1008.11
1686.62
1377.72
888.42
1396.75
1418.31
1438.67
641.06
1023.60
1808.81
1540.94
1347.47
1142.85
1321.51
1506.96
1676.79
1538.11
1188.38
1200.86
1094.71
1206.52
1613.99
654.15
1187.60
1087.68
1373.89
1454.13
2844.08
1525.53
1546.54
1421.83
1130.77
1447.59
1587.53
567.02
1493.01
1420.62
1448.38
488.40
851.04
1418.09
1582.38
1394.98
746.40
1628.66
1510.55
1660.13
706.17
637.69
1347.43
1720.69
1386.84
1603.82
1589.29
1778.93
ERROR
916.92
1535.34
1903.93
1368.06
1788.46
844.63
1488.86
1448.50
1965.36
1249.02
980.76
1730.99
1496.40
761.98
1469.96
1171.00
1645.05
1394.34
1092.25
1061.94
1347.43
1761.19
524.81
904.71
1853.39
1645.38
733.47
1269.41
1243.52
1617.76
1401.59
1974.97
1022.35
817.96
1364.91
1503.49
1680.00
893.60
1484.70
1013.12
1133.63
1185.59
1315.31
1762.48
1391.20
904.74
1590.71
1371.00
1023.16
1402.33
1966.98
1621.67
1367.71
1304.05
1297.02
1688.46
1429.65
1731.54
1834.46
974.51
1278.16
1294.23
1067.43
1586.58
1835.86
1968.84
1246.02
1389.38
1479.54
656.18
1263.20
679.24
1360.12
1440.81
1637.29
1071.97
739.31
974.05
1214.08
1111.15
1221.92
1818.09
1870.98
1059.48
1617.94
765.98
1457.40
1012.59
1286.46
894.64
951.67
1597.07
1314.71
1153.14
542.62
1438.68
1127.97
1198.60
1692.08
1803.17
1136.83
1649.85
1404.93
1217.40
1240.96
1167.50
1034.45
1117.58
1565.38
824.28
991.22
1315.20
594.56
1611.95
1513.66
1393.49
1104.14
1722.82
1052.39
1997.18
1897.16
942.39
1630.07
786.93
810.93
1225.15
691.99
1893.13
1949.18
1521.29
1397.34
1601.67
355.09
1816.66
1011.22
1163.65
1540.44
781.74
832.83
1748.66
927.20
973.65
1386.51
666.15
1477.22
645.81
488.15
1265.30
1252.40
1094.53
1752.00
1311.59
976.69
1781.26
1333.73
1446.60
1458.62
1401.17
1180.91
830.29
1486.34
1739.34
535.10
730.05
733.39
1571.39
2043.18
906.90
1639.61
1152.57
1039.82
1745.90
1000.48
1745.76
884.74
1273.11
1245.85
713.90
1473.96
1116.75
780.82
1885.88
1100.70
921.75
1594.85
1678.92
1416.04
1228.68
781.12
945.49
1051.96
1612.25
1408.90
1679.45
1384.61
1114.76
1025.74
823.24
1856.84
1236.26
1002.68
1553.12
2055.03
1913.51
742.14
1437.00
1309.33
610.02
394.23
1318.28
1122.80
1130.14
846.32
634.76
1677.08
1633.93
1250.82
1829.71
1344.96
1122.66
931.20
1329.62
913.37
895.22
1323.41
966.98
760.04
609.45
1071.58
1866.72
1761.53
1513.97
1880.79
991.16
1629.34
1291.83
949.82
1203.49
1537.60
974.88
1586.28
1308.43
1657.30
1263.33
1240.47
1180.22
1529.39
729.11
709.86
1503.36
1279.70
950.56
979.38
1047.76
1049.86
1309.03
1344.03
1181.24
1919.49
1226.76
1649.31
277.93
396.05
1406.27
1419.56
644.43
1623.66
900.42
1122.03
684.66
1467.63
1015.41
1880.88
712.58
1225.89
1307.98
623.52
1849.34
984.35
482.86
1117.94
1589.16
1692.68
1143.36
1568.02
1132.25
439.16
1763.72
1769.88
1091.06
1417.82
1115.98
1804.09
1035.58
1573.27
847.08
1120.38
825.83
1015.80
1505.56
1302.86
1090.80
1522.12
506.78
804.50
1313.79
1120.58
1447.64
1623.62
1440.28
701.77
1147.62
923.90
807.76
1519.53
832.74
1223.96
1240.53
1416.43
1126.78
1602.37
818.39
697.08
1662.13
1437.41
1411.86
930.25
692.94
1761.59
1084.71
1110.70
1489.00
1397.10
1032.92
293.61
1942.72
1077.86
1315.64
1099.57
1388.48
896.33
1761.86
1474.00
1916.81
1476.58
1433.94
758.16
1665.48
1633.73
1238.46
1407.91
1963.98
1689.85
1163.40
1646.39
1719.09
922.65
1577.84
1129.38
721.46
865.02
1325.35
1715.80
1045.35
645.75
1477.72
696.37
1626.36
1187.56
870.42
1533.46
1528.06
1375.48
739.29
1918.62
1202.43
889.10
959.04
1265.32
1652.40
1385.10
914.50
1070.24
929.68
1797.22
845.98
1300.31
1080.18
1864.96
1411.40
960.30
1854.32
1048.43
1806.90
1340.81
859.57
1274.54
1733.81
1172.61
760.16
1479.23
1114.06
845.01
1783.40
1080.82
1692.64
756.03
1456.68
963.78
1896.95
1651.51
1981.55
1369.94
1307.51
1421.80
820.42
1484.16
714.61
1063.39
860.81
888.03
938.51
1455.38
1515.31
1410.70
831.02
751.42
1306.54
1741.22
1795.90
657.86
971.96
925.42
1550.86
1302.12
1458.94
1283.16
1272.94
414.41
1528.48
1505.37
1098.15
1434.69
714.11
1462.80
1332.16
1120.66
467.48
1907.16
845.86
1422.12
1674.79
1052.84
1661.54
1127.72
1247.67
1951.47
274.49
1103.39
455.09
1345.04
632.23
913.41
1799.14
1371.62
726.38
1188.64
1249.44
1615.59
1769.36
455.07
1705.72
781.35
2065.80
1073.51
1595.26
1332.94
1795.43
1501.18
1401.80
977.68
1571.90
631.84
1456.92
1517.22
1018.98
952.28
1272.96
1034.48
1556.46
212.93
1630.54
1699.07
1074.83
966.91
553.49
1569.58
1119.50
1043.79
1005.70
851.92
1235.00
1167.49
642.93
1272.48
1438.37
1170.92
1374.66
1139.05
1764.86
1513.84
940.12
1022.87
736.21
1610.63
684.24
715.99
1012.38
851.00
1497.39
1288.57
925.06
1377.15
977.81
1790.44
1057.78
847.81
1097.24
570.20
960.74
1024.52
1145.19
2007.69
897.97
1086.15
1119.11
1405.34
630.54
1240.86
1023.73
891.84
1739.11
2072.95
941.28
1226.08
1017.40
1593.53
1461.08
1032.39
1413.60
540.40
1540.32
1182.54
1380.50
1151.04
799.04
1846.33
1205.76
1644.96
994.50
1425.11
1646.48
1073.03
1192.60
908.35
1138.56
1209.11
1148.89
1112.33
843.54
1110.93
1017.45
1103.83
1086.48
1333.70
1753.38
1692.80
1012.06
1615.12
878.61
1395.53
1064.08
1387.91
1137.20
1024.36
1572.91
1379.09
1276.96
815.02
1005.62
1465.80
1601.18
1368.23
1213.21
1837.90
1434.60
1376.35
1534.50
1343.20
1508.27
1444.50
1640.52
943.31
1514.97
1476.52
1072.09
577.46
965.06
1930.83
1009.60
1395.51
1504.76
1931.20
1262.70
791.06
1332.86
2090.64
319.69
1235.61
1126.66
1652.85
1398.60
963.75
1142.47
642.00
575.80
1082.01
1308.54
1902.54
1353.20
1932.06
1221.29
1394.82
1504.58
1665.84
811.98
1491.33
673.99
757.10
993.89
1337.59
841.27
1647.91
1019.20
1328.58
1366.74
1396.54
1119.97
1182.32
1438.07
873.17
1396.23
1679.78
1600.43
836.08
986.52
1543.20
1274.39
1108.13
694.54
845.44
1190.28
1516.94
871.20
619.93
928.92
1690.32
1040.81
1153.33
928.90
1665.18
1217.88
1567.51
1721.76
1084.29
1007.00
575.74
1263.36
737.18
616.87
1300.64
1933.60
1359.19
1907.60
946.82
1198.57
982.27
896.44
1042.54
1025.32
1508.03
1309.65
899.59
1231.73
2019.24
1130.27
1059.41
1736.41
1374.42
1986.52
1030.38
924.33
1236.38
1265.31
1051.10
1063.38
1391.28
908.12
405.83
1847.58
1403.44
692.96
942.10
1011.75
756.95
1381.18
1214.80
982.20
1128.17
1823.48
1674.09
1373.82
1581.64
1164.36
1129.04
1370.08
1900.75
1611.20
1370.78
1643.00
1404.45
1752.51
918.44
1277.55
1100.72
1018.50
1812.42
1169.80
1047.22
1308.33
732.58
1322.49
785.97
998.83
977.54
1707.71
1231.98
1461.84
1758.70
1492.10
1268.62
798.02
1341.68
941.81
1309.76
1496.25
938.30
1066.78
1531.70
831.01
1070.46
919.14
1679.62
1900.06
1000.99
1020.64
642.58
1392.96
406.67
1027.40
854.70
1290.45
1594.23
1359.70
1538.66
1347.12
1627.80
816.27
893.06
1902.58
1232.13
938.36
1119.38
1551.56
1044.32
1706.14
1322.77
890.64
1340.18
1934.20
1550.44
1637.93
1226.67
900.71
1260.09
993.44
1258.97
1456.74
807.09
466.05
1708.08
1295.42
631.56
1127.72
1532.45
971.95
1507.79
1656.82
874.66
836.15
1183.90
1294.72
512.35
492.64
463.00
1595.39
1659.96
1182.35
1587.06
1047.97
1510.38
1511.54
1109.49
1320.75
1813.42
1356.66
1073.47
1374.81
654.05
780.50
1508.90
1640.52
1334.16
1769.18
925.30
1386.21
1570.84
1337.25
1985.76
1377.24
1506.86
1450.13
1745.72
1836.69
1042.93
817.40
510.73
1819.31
838.53
1285.60
1885.64
1626.72
814.53
1470.94
1143.24
1207.30
627.05
1265.04
1539.35
797.18
1545.63
1017.99
1717.84
1263.43
961.38
889.51
1254.10
1257.22
1459.17
1642.64
1092.30
1368.35
1136.73
1211.63
1012.05
1630.68
965.89
1952.94
1375.14
1766.14
471.15
667.92
1986.94
775.97
626.83
1400.51
1048.50
1726.64
1440.50
1209.64
1364.70
1330.36
1455.72
1889.33
1553.64
1186.90
1193.42
1454.85
1470.86
1027.61
969.85
1518.96
1114.08
1022.16
1290.63
1709.89
996.02
1384.57
1833.54
695.32
783.40
1512.87
1140.46
1090.54
1507.92
1516.26
992.84
714.67
1704.73
998.15
784.48
1579.88
1360.51
1609.04
1219.17
1425.09
887.58
1264.24
1757.35
1864.22
1533.46
964.02
588.29
1193.38
1337.80
641.76
788.12
1552.31
1003.34
1917.10
1178.96
1540.06
1937.69
1388.57
930.65
1505.80
1473.43
1101.93
805.96
668.09
995.40
1472.23
1385.39
784.38
1151.39
1208.40
1417.47
1535.82
1736.92
1922.86
1575.68
1300.63
1834.11
790.37
900.49
581.12
1658.95
1431.34
1111.35
1512.68
1272.81
1562.70
1723.92
1668.32
1111.23
1043.65
1219.84
1444.49
1470.22
1728.62
1060.01
796.12
1268.55
1253.36
855.62
1172.30
1090.11
1631.26
1042.02
945.34
1192.07
515.02
1614.48
1587.70
1354.97
1124.83
1127.28
1021.22
1137.78
992.09
492.56
1556.96
776.12
1736.89
828.33
1516.21
968.80
1354.44
1909.29
1552.11
1380.42
1611.60
1060.74
1346.53
666.26
1274.58
1835.08
832.23
1143.87
1188.60
1477.01
268.83
1536.15
1568.14
1053.24
2018.83
1810.48
518.97
1463.21
378.53
1292.69
1107.89
1670.76
1183.40
1810.49
1527.12
495.33
349.53
1052.08
1076.32
1055.28
1199.45
859.17
1495.68
694.79
1735.46
1437.50
835.67
714.36
910.73
1388.86
1399.31
837.54
1602.14
1457.61
1125.21
707.48
758.58
1434.94
998.06
833.86
1103.45
733.84
1554.97
725.39
911.46
1655.84
1593.60
1502.50
1388.72
1165.37
776.42
1876.04
575.25
1374.36
1013.41
1285.51
1345.54
1073.32
1524.33
1333.69
1286.78
1205.39
1588.34
1979.10
1521.28
631.33
1639.63
1172.40
1207.70
1738.57
1488.09
1623.44
670.00
1043.35
1150.71
1379.94
1171.11
1459.38
1689.10
608.94
1271.29
1390.87
1812.49
788.45
712.44
737.09
1156.21
1809.90
702.48
1711.75
1264.98
1236.71
436.64
1601.78
833.96
1565.80
407.63
938.98
941.93
1076.86
1335.71
1556.63
744.69
1460.28
730.21
537.10
1208.29
1047.68
788.18
1367.58
1819.90
1057.19
1478.54
1007.31
1027.63
1305.48
1488.82
1133.04
1084.74
869.28
597.83
346.19
1597.00
1015.13
961.22
970.35
1145.08
934.23
724.76
1419.97
626.96
991.23
1162.04
1350.22
1480.80
763.95
1676.44
1377.33
1500.79
1178.68
2041.26
1163.79
1496.22
2060.03
768.44
1399.48
1167.45
1391.68
1043.78
1005.77
1376.19
1101.20
1778.68
1623.22
1690.07
1737.15
1526.87
1186.20
1645.78
1571.90
1210.62
1327.30
731.61
1569.68
2064.57
1463.23
1582.34
1113.58
812.91
1023.32
1414.79
1368.02
1681.12
518.14
1182.45
684.92
1148.20
1483.86
1179.12
1482.11
903.92
596.28
1652.65
1460.57
1113.79
1338.15
1085.36
1961.89
1671.61
537.94
1018.41
1390.19
1037.70
1147.04
1417.64
1417.31
1061.58
539.24
697.69
1939.07
895.45
1719.81
1768.98
1568.15
1585.68
1690.36
814.17
1102.61
1505.25
1070.12
1025.26
664.10
1465.05
1592.08
1204.32
361.46
916.27
1206.24
1281.02
1065.72
1619.55
851.87
538.82
1072.76
1148.95
1701.12
1063.92
934.61
1547.82
1454.51
1490.21
1058.01
819.12
670.28
1270.46
1278.27
1915.38
377.19
1720.43
1399.68
1708.70
1413.53
1863.65
971.36
516.09
1642.91
1407.11
1602.28
1095.34
1034.08
1423.96
1056.26
753.70
1703.05
1011.76
1073.86
1119.67
837.44
714.40
1524.82
2090.45
1220.22
654.97
1135.89
850.94
1322.41
1536.85
914.34
1551.53
1168.42
1606.33
1657.46
1586.27
916.39
1229.49
1731.34
1082.68
1331.06
1243.29
1056.10
1196.80
1220.36
878.48
1492.17
614.67
1169.39
1005.37
1076.15
1306.92
729.20
1103.92
1800.64
698.52
1629.37
1049.00
1134.81
805.28
1477.26
2053.84
1146.74
1582.31
1071.80
1018.32
776.34
1547.69
969.37
1698.92
1371.02
1543.40
890.17
1238.68
1271.50
1498.46
1038.86
999.86
1249.96
604.45
1479.38
1573.73
1510.57
1386.78
1371.58
988.08
1699.17
388.44
1209.59
740.82
1073.29
661.14
1564.20
1148.33
1318.13
991.08
1405.32
903.36
144.20
887.02
1094.00
1608.53
1757.92
1775.22
1638.09
1589.96
998.01
1237.59
942.93
1182.80
1478.46
583.07
726.94
1739.99
1155.60
724.48
1306.50
1559.34
1193.66
1691.76
1592.08
1217.60
1768.87
1695.59
1459.79
1826.99
1056.63
1362.56
660.33
958.31
571.11
1808.67
1553.15
1389.54
1299.98
1065.47
1091.72
1159.02
529.39
1435.82
1443.86
1204.54
1855.56
1272.38
1106.72
1451.90
857.84
908.94
810.93
1367.22
1152.47
1012.85
868.60
1736.64
1451.06
1520.72
1243.14
821.56
1515.36
706.04
1110.90
1282.92
1035.93
1154.41
1065.70
1141.59
775.58
816.45
1891.16
1686.34
841.54
1650.20
1388.73
1424.98
588.95
1449.34
1304.30
536.66
891.24
1479.80
296.87
1332.43
1188.03
1364.54
1438.12
1466.52
1072.01
1450.00
1605.63
475.80
1594.42
771.23
1339.43
1302.13
885.07
1787.20
1448.08
1506.17
1518.90
1020.87
1837.30
1065.02
1607.74
1120.92
1198.06
1036.20
1638.57
398.14
762.12
858.94
757.96
1872.55
601.18
1087.80
1873.44
1151.92
1072.49
404.59
1048.96
983.96
994.30
937.44
652.71
1455.50
1298.62
2080.51
1178.86
1817.75
626.51
1254.82
1415.33
1558.80
1250.75
1603.72
916.33
1220.70
1358.98
828.34
2046.37
1475.00
1580.99
987.77
1350.76
653.29
1161.50
640.02
1458.62
1533.55
1196.05
1176.52
1404.41
1790.57
1574.57
406.59
1429.12
1584.71
1093.39
921.77
1210.73
1220.19
1043.43
789.28
1998.48
1393.37
1257.54
1416.47
1774.32
1331.35
1146.87
1343.95
1313.84
1099.10
516.71
1568.51
1622.57
1134.81
1120.10
1920.64
665.17
392.63
683.51
1727.44
1012.44
