expected_output
444.73
148.25
445.35
158.43
449.26
143.04
446.05
183.07
178.95
338.63
166.17
133.17
286.11
420.70
303.78
328.69
424.38
291.98
326.13
326.63
377.17
140.02
175.43
286.45
427.74
116.13
181.72
307.40
171.81
326.88
319.27
319.84
319.73
174.32
283.33
301.21
373.13
141.54
411.80
368.72
148.47
193.54
301.73
292.64
133.41
150.67
437.07
173.60
337.51
336.18
326.53
376.49
176.97
326.82
373.48
383.50
328.24
319.29
136.41
427.32
136.19
199.86
319.00
183.45
426.26
292.47
344.18
418.51
437.52
437.46
335.78
324.65
134.20
443.86
305.47
403.43
144.71
322.31
320.27
269.65
306.32
305.15
305.15
148.40
324.48
428.13
171.98
319.09
183.20
318.51
189.17
321.08
400.68
170.39
357.50
333.52
385.58
197.99
342.33
361.59
788.53
1393.80
858.43
1631.20
1202.82
652.55
1254.72
1344.92
795.62
1236.69
772.33
1402.63
1322.20
1373.79
1521.26
1341.35
802.97
756.73
1166.25
790.98
1489.93
1424.76
921.91
1281.90
812.86
1453.89
748.60
477.04
639.30
780.21
1321.47
994.10
1012.28
515.04
1241.34
723.65
1073.45
1277.95
1328.61
883.41
765.35
1043.39
1127.60
764.27
1014.61
1272.28
1507.11
1419.91
851.34
1305.87
841.02
1397.53
1059.36
1323.28
1200.75
985.04
1326.27
1135.69
750.21
751.42
1214.75
612.36
1100.17
930.34
1328.51
1271.95
719.76
317.94
1602.53
466.64
694.99
903.72
852.36
1105.27
1177.51
1280.55
1395.90
769.20
662.97
831.65
1357.43
1171.14
1039.74
1614.17
1207.03
1014.96
844.50
854.45
935.75
1323.67
1430.23
1203.96
956.42
623.72
540.88
1135.66
958.60
637.91
649.53
900.42
1923.11
1640.76
1593.40
1072.41
1494.03
1938.35
1185.23
996.43
1124.75
1672.39
1537.07
1405.48
1504.24
1148.60
1841.12
1697.23
1637.21
1239.87
1773.36
1539.11
1051.12
1409.74
1946.52
1778.47
1682.44
524.56
1340.34
1880.18
1126.54
1733.41
702.70
1530.60
1146.74
909.07
1030.79
1852.85
1140.91
1605.59
1628.81
1757.02
1191.04
1469.89
834.34
1547.05
1735.13
1705.02
1691.66
1860.86
1678.98
1743.58
1287.99
467.27
1690.87
1645.77
1899.45
1126.87
1466.04
932.76
1540.04
1268.62
1596.66
672.44
1967.52
1270.65
1672.93
1793.58
1694.86
1446.02
1470.21
1934.83
1610.53
1889.06
1481.35
1363.21
919.39
1009.88
1940.95
1335.44
1507.39
989.08
1864.57
1418.08
1484.07
1956.20
1609.25
1689.37
1880.31
500.79
1743.01
1119.53
1724.93
1866.66
1847.72
1956.00
1101.38
1511.53
1077.81
1912.90
1702.79
1743.69
1512.45
1191.37
1317.73
826.10
1253.05
792.79
1023.68
1350.25
1285.63
1409.11
1014.31
1218.88
1125.10
1172.99
1150.49
847.23
1175.13
707.19
1098.61
1052.57
1356.00
806.80
811.90
1296.56
1361.61
1088.27
1317.03
1426.00
1156.38
980.85
614.86
687.22
713.04
1714.74
1266.29
814.96
778.37
284.51
1143.31
1184.41
690.22
809.65
1252.37
1297.02
879.38
1067.44
1286.06
664.39
986.01
1253.64
1488.78
1000.38
715.96
1253.13
718.62
750.36
1280.01
1349.67
677.58
716.38
769.77
1104.25
1683.17
1305.33
648.36
1458.23
1489.58
860.33
736.49
1107.27
1006.59
1081.27
1358.82
1236.42
1311.47
1069.37
1301.92
696.20
790.33
1228.95
794.25
1156.57
1309.21
622.37
1207.15
833.35
1711.49
440.98
928.62
1256.43
743.37
1148.49
716.33
1257.56
1529.20
1054.32
1287.93
865.94
1257.94
1454.09
451.05
466.31
404.92
485.69
534.00
388.93
381.48
552.94
224.08
507.81
291.60
626.85
298.27
394.35
326.83
254.26
719.75
375.71
883.27
259.74
619.61
383.11
356.63
520.94
477.56
499.76
515.76
384.96
257.10
764.42
365.27
461.66
623.99
600.73
435.23
604.63
805.61
370.22
293.16
440.29
590.02
562.65
308.13
288.15
354.17
668.43
387.84
426.37
695.09
318.82
322.19
336.47
390.98
664.83
1148.67
735.65
917.54
829.31
498.19
738.31
900.48
878.85
900.54
851.25
1255.81
527.14
949.29
1115.41
1161.73
386.44
750.56
986.50
1163.75
1060.85
817.07
977.39
1071.77
1160.51
988.18
469.48
314.69
791.33
348.37
393.44
906.55
736.81
1229.91
916.51
730.80
1223.16
540.57
610.23
490.68
828.94
436.63
386.69
1064.82
921.36
933.20
861.62
996.12
900.89
700.01
325.27
1025.05
220.80
974.28
671.94
914.80
649.71
894.62
740.21
705.89
484.84
352.05
854.98
777.19
1230.22
902.77
504.69
1049.27
907.31
1211.16
480.05
627.31
500.81
674.03
724.22
994.82
429.73
716.35
976.95
724.03
711.46
347.96
731.17
1177.17
388.46
1110.08
672.18
757.24
1034.56
882.57
280.09
508.58
469.20
1180.73
1142.22
457.05
952.84
1281.20
1071.07
1170.00
1355.77
1097.46
545.26
738.92
789.03
1127.93
1208.68
849.25
1242.32
979.32
717.18
1246.51
757.52
747.77
626.33
992.67
1319.36
670.77
647.60
901.02
1429.39
1156.32
761.92
1349.18
735.74
1251.97
661.85
691.55
1074.25
642.35
617.86
834.16
1312.81
1317.23
1014.46
1026.71
1273.13
1411.65
988.55
1112.74
1437.37
798.92
502.89
1251.32
1258.32
876.89
1144.95
1330.36
776.62
1472.46
1218.71
605.41
1228.66
877.92
629.95
816.12
1326.89
904.15
1165.83
1056.61
1416.44
1236.23
869.74
1014.64
1181.33
1271.76
705.70
1428.85
522.16
1210.05
543.13
915.80
1172.62
1335.28
741.97
1419.09
976.68
884.94
463.34
789.16
1273.63
939.81
710.30
1366.45
1232.17
791.35
1391.26
583.89
1114.19
767.34
1052.26
1069.50
1051.93
690.59
1258.36
1291.81
786.34
1791.50
1781.26
1829.45
1636.59
1821.55
1940.82
1733.90
1906.53
2108.98
1884.89
1916.79
1865.68
1878.62
1901.64
1886.77
1861.30
1811.82
1739.21
1890.01
1907.93
1913.52
1879.52
2116.17
1883.40
1714.86
1832.61
1778.23
2162.70
1789.97
1833.00
1880.39
1703.21
1874.99
1900.64
2313.67
1861.77
1772.28
1884.87
1961.41
1781.05
1856.39
1877.18
1883.18
1839.76
1867.03
1945.79
1865.64
1860.34
1905.86
1897.85
1787.65
1932.47
1720.01
1856.78
1912.71
1890.38
1886.46
2132.50
1770.11
1703.97
1832.85
1872.33
1828.60
1902.95
1888.26
1892.68
1888.70
1805.12
1947.51
1774.81
1850.46
1784.52
1876.39
1899.92
1889.17
2167.25
1826.77
1808.45
1882.59
1768.57
1874.37
1717.55
1750.93
1940.63
1143.97
1793.66
1925.40
1739.72
1755.34
2148.95
695.63
1839.00
1878.90
1890.04
1794.36
1776.05
1937.48
2096.48
934.69
1919.90
1473.22
1323.03
937.39
1901.87
1358.91
774.13
1453.39
1485.35
691.98
1308.22
1998.21
1517.18
1823.26
1827.60
1559.65
2009.64
1786.85
1900.49
1836.85
1511.03
1432.12
1999.66
1845.35
1895.13
1554.39
1381.85
1557.51
860.62
1920.72
1568.72
1799.34
1500.15
1761.75
969.85
1464.28
1989.69
691.22
1851.74
1557.20
465.28
1938.85
1704.96
1239.33
696.19
1454.04
1794.94
1930.27
761.11
1681.74
1383.30
1541.67
1256.89
1315.21
1938.00
1612.17
1062.21
1640.53
1861.61
1450.30
1944.04
1276.77
1118.23
674.39
206.88
1410.31
1221.76
1269.44
1943.23
1494.82
880.84
1502.88
1438.12
1296.31
546.14
1514.46
1577.07
1583.46
1681.84
601.98
1507.62
1184.31
1028.03
1530.42
1749.92
603.13
1650.50
1296.06
1639.61
1135.23
1825.60
1910.40
851.15
1395.82
1427.05
1437.73
1676.29
1854.58
1265.23
953.72
1115.47
1553.71
1879.02
1676.71
1826.25
1955.51
1885.24
1902.20
1804.06
1457.62
1757.32
1387.00
1093.27
1073.60
1332.51
1511.06
1323.66
1532.26
1433.80
1415.22
1702.47
1105.39
1567.92
1712.36
1165.91
1138.06
1863.14
1116.45
1609.49
1524.98
1913.25
515.98
1297.50
1363.45
987.94
725.84
1525.68
1133.06
1093.91
1999.03
1159.67
911.96
1334.39
777.75
1906.14
1045.27
1909.18
1994.75
1261.28
933.66
1666.03
1647.64
1543.95
1845.27
1874.21
1398.96
672.65
1507.85
646.21
1321.83
1886.74
1890.50
788.53
633.00
1419.65
1646.33
1187.56
846.45
1564.63
1451.72
1862.96
1775.91
1939.60
995.60
1879.29
1459.00
1431.11
1786.21
2016.63
1630.05
1799.70
1039.06
1876.82
1979.67
1617.15
1668.26
1471.30
614.92
948.76
797.70
1472.34
1976.36
1780.01
1358.06
1257.89
1274.65
1386.84
1757.33
1871.53
1244.49
1769.55
1473.03
1410.97
1908.51
1417.68
1015.84
1707.89
1398.10
1552.66
1561.19
1977.59
1489.92
1617.80
1732.53
1529.08
1722.62
2005.47
1841.43
1979.00
1537.53
1122.68
1034.07
2158.41
1894.46
1931.62
1273.55
1641.37
995.72
613.60
1381.12
1622.56
1202.67
1180.61
1318.37
1896.84
1923.42
1501.60
1740.46
2009.31
2010.86
1834.22
1556.64
1581.12
1842.51
1333.75
2042.56
1622.98
1174.86
1784.60
1781.75
1934.43
699.57
791.13
1949.46
1623.73
1697.27
2069.84
1525.76
1908.65
1695.40
1951.86
1237.25
1826.22
802.30
1604.26
1630.48
931.41
1182.75
1505.11
1009.74
1878.06
1645.12
867.31
1506.27
1811.47
757.19
1297.42
1741.74
1921.41
1874.00
1263.98
958.00
1072.25
934.97
1405.17
1430.75
868.69
706.84
1275.36
1163.70
1654.50
1505.51
982.33
1872.19
1230.38
1115.05
1480.41
647.80
1374.76
1173.91
1721.04
788.48
1391.32
974.64
1962.65
1378.17
1479.23
1714.78
1722.51
529.81
1894.62
1774.21
1111.85
1094.49
1651.21
1652.25
1134.58
1782.96
1681.86
1745.07
1529.96
1525.88
1676.93
760.74
1420.81
1416.22
1592.12
1384.05
1594.23
1946.04
1152.94
1503.57
1255.18
1774.85
1752.08
1324.87
621.90
1235.77
1940.76
1726.12
936.42
1837.66
1236.71
1118.75
1747.60
1531.89
1380.24
558.47
1033.39
1853.49
1718.04
1035.26
1167.62
1943.18
1265.73
1528.59
1815.56
1622.21
1356.84
938.42
1851.92
1659.38
1920.77
1890.28
1509.15
1556.98
1605.71
1744.26
807.68
1777.76
1542.85
1402.12
1440.46
1900.21
875.39
1671.53
1377.13
1978.39
1902.38
1552.47
1575.16
1350.05
1923.15
1769.15
1089.17
1011.43
1245.29
1203.60
1410.90
1815.56
1844.62
1437.40
1202.83
1214.65
1098.20
1445.46
1241.42
2127.44
1783.61
1797.96
1195.60
1558.86
1518.48
296.11
2056.14
1434.61
1530.38
1710.32
1681.59
1970.49
907.76
657.35
1236.41
758.47
1805.19
687.61
1826.57
553.82
1472.68
1606.64
1499.65
1625.85
1500.50
1296.13
1917.16
1105.42
1629.43
1595.58
1481.89
1927.01
1756.50
694.31
1691.27
669.43
1648.94
699.59
1886.79
848.28
1412.53
1309.55
1025.00
1735.74
912.29
1742.95
1653.58
1703.35
1959.84
1827.56
1519.71
1262.58
1118.71
1661.11
1284.89
1570.14
1449.80
847.06
1097.51
1398.13
964.74
1842.17
1243.11
2005.11
601.41
1769.91
1484.56
1891.88
1727.47
362.70
883.20
1798.96
659.07
1159.05
1639.58
1381.56
1768.84
1403.68
1843.76
1353.08
1581.59
810.91
1561.32
1389.74
1194.08
1475.96
1513.02
1611.63
557.42
1082.52
768.75
1375.66
1525.82
888.42
1285.96
903.04
1118.23
1216.84
1586.37
1817.86
1943.10
1896.69
1409.55
1973.45
1884.97
1061.39
1460.49
869.90
1119.12
1546.11
1232.68
1878.20
1798.89
1545.65
712.49
1621.68
1216.40
1661.71
1659.63
1975.88
1344.13
1708.20
849.91
1543.13
1254.64
1220.96
1623.38
1435.55
1703.83
1835.41
969.47
1257.64
1620.27
778.19
1651.45
1452.43
920.70
1665.68
1515.97
1911.78
1462.02
547.58
1132.86
1529.45
1904.45
1827.12
1781.47
1315.24
813.61
1641.86
1615.32
1423.84
1422.57
1964.68
1436.26
1675.23
1438.96
1715.18
1905.68
1897.37
1811.07
1259.00
983.40
1065.92
1333.21
1524.06
989.25
1872.39
1436.52
856.29
1455.54
2172.63
1413.70
1184.71
959.07
1422.77
1190.73
806.25
1388.44
904.98
1392.63
1247.50
1239.71
1604.04
1099.86
1345.80
1309.56
1168.50
1471.77
1765.23
756.48
1654.62
1158.41
641.43
1230.60
1006.25
1459.01
1097.15
1702.34
1278.27
1452.51
1158.80
1692.60
1118.82
1595.73
1325.71
1596.68
2003.50
2020.75
1563.32
1215.12
657.99
1787.05
1376.08
1514.21
1252.31
1693.38
1872.02
1522.08
1444.55
1578.14
1081.63
1976.74
1882.11
1891.62
1214.44
1465.60
1600.97
1720.85
1495.53
836.60
1924.44
1545.19
1867.68
1412.15
996.63
1782.19
1657.47
1422.73
1952.29
1523.25
1594.03
729.97
1463.77
2080.72
1504.04
1638.32
1911.83
1617.60
1415.17
1867.14
1417.87
1524.55
1404.44
1586.85
1596.31
1866.65
930.50
761.05
1710.69
1420.65
1314.03
459.14
1427.20
876.44
969.64
1899.27
1008.55
1550.54
1685.26
2043.64
1344.60
1880.28
1448.18
1100.04
1479.29
1819.66
1487.92
1698.66
631.61
1350.10
786.98
1500.27
1579.31
1241.04
1447.43
1738.72
1616.61
1212.16
1850.99
1374.54
1604.97
1871.22
1060.78
1896.04
1391.17
1871.27
1169.81
1891.50
1432.34
2011.71
1270.68
1097.98
1966.45
1851.90
1460.40
962.41
1363.52
1909.26
1572.41
1708.46
1339.14
525.04
1664.23
1108.83
1311.63
1375.74
2022.35
1309.10
1395.54
1723.69
1148.30
717.18
1460.93
1285.76
1366.17
1575.77
1120.36
1058.53
1467.85
1410.93
1534.08
1369.70
1918.16
1398.90
1109.63
943.42
1509.54
1814.16
1596.37
1376.39
1545.49
712.29
851.86
1001.27
788.67
1290.45
1690.50
1649.02
1879.93
1455.94
1835.39
335.29
1701.95
1868.93
941.57
2054.02
1271.52
1714.89
670.48
643.05
1514.50
1136.69
1863.68
1186.63
1916.78
1526.06
1302.62
1723.76
1362.70
988.10
1872.03
1662.98
639.17
1238.06
765.96
1092.90
915.11
1439.29
1476.83
1469.36
2103.67
709.15
904.24
686.66
1420.13
1356.55
1565.07
1077.12
2080.31
1638.01
232.99
1583.24
1179.73
707.24
1204.12
1473.44
993.14
1832.77
1834.88
1713.69
921.52
527.14
1367.48
1181.13
1597.50
1450.07
1423.43
1651.05
464.55
588.74
1704.08
1634.12
715.04
862.03
1141.33
1460.04
1439.43
1431.25
1793.65
342.96
1301.89
834.47
1421.63
1587.16
1848.37
1803.06
1554.65
1899.55
1450.02
1953.69
1402.54
1658.82
943.71
1380.17
1425.53
876.48
1569.50
1614.47
1509.56
1683.79
1504.09
1740.32
1502.30
1127.39
1238.87
1314.85
970.71
1674.45
1599.74
1377.87
1443.75
2050.12
1901.65
1819.22
514.84
1136.27
1196.45
2033.23
1433.44
1186.09
1571.77
1015.26
1931.36
1783.29
1888.84
1611.68
1513.29
1040.90
2042.65
1761.16
218.02
1233.17
980.46
1355.32
1534.42
1421.71
1323.71
1677.91
1431.88
1812.22
1365.91
1009.21
731.05
1600.99
846.92
1450.52
1552.17
1104.23
649.77
841.99
1252.24
1190.16
1585.12
1080.21
1758.32
1775.96
626.53
1594.39
1447.87
1479.83
1239.39
1235.09
1741.54
1506.86
1918.68
2056.00
1876.02
1599.22
1472.52
1200.03
1469.10
1430.34
1704.93
1674.25
527.90
1765.12
1938.56
1800.56
1710.86
1325.62
1434.05
1280.58
1112.98
1801.23
744.32
387.48
971.27
618.73
1249.18
1043.98
983.82
763.89
887.16
1486.10
1379.38
647.26
1274.71
1692.44
941.76
1843.20
1867.11
1501.38
1700.50
478.92
1517.80
1526.72
954.64
1367.92
1528.04
1193.80
1912.20
745.07
1574.83
746.53
2034.17
1248.15
2010.93
1105.95
1346.52
1269.56
1622.72
728.44
1280.16
571.38
1372.94
1704.03
1914.62
679.55
2003.95
777.51
1158.02
1128.85
1146.84
1762.96
1451.79
1555.26
1643.45
990.91
675.40
1143.21
1997.05
1844.96
1157.84
1852.23
1945.07
1697.64
1019.00
1495.43
1543.81
851.39
1582.88
1239.38
1469.42
1388.13
1400.30
1701.97
1548.98
1359.18
1748.19
1774.69
1687.88
1386.58
1124.87
1592.39
1863.05
908.76
1755.09
1160.27
971.31
1626.46
1594.54
1935.69
1097.15
1159.93
1271.46
1134.39
1923.03
1312.18
1986.83
607.88
1346.20
1436.13
1386.73
1598.94
1792.97
1892.43
1592.74
1224.69
1362.04
1770.52
2114.16
584.27
1875.86
770.93
962.28
1770.78
1058.20
1500.41
470.29
1896.23
1546.44
1926.26
2006.95
1342.27
1670.62
1540.06
1996.93
1619.34
1404.50
885.61
900.04
1447.48
871.67
1794.13
1476.85
1356.50
2040.57
1668.20
1696.74
1635.85
1268.78
1828.39
1697.18
1910.56
610.80
1055.28
991.82
1452.37
1874.31
1831.48
1532.79
1879.45
1710.47
1452.10
1559.69
1690.30
1552.49
1833.46
1025.55
1223.11
978.88
1818.95
633.78
1715.29
714.56
1274.24
931.73
1124.14
1173.64
1183.74
536.98
1348.26
1305.70
1571.11
1120.89
651.16
1419.63
1703.98
192.99
788.05
1685.79
1690.73
1343.22
1830.89
1657.00
1697.62
1596.31
1642.38
1642.25
1285.54
1813.65
1645.19
1216.85
783.17
1118.85
1165.85
1488.85
598.64
1526.78
1777.19
1678.62
1435.53
1517.89
1010.33
1761.84
2133.57
1355.50
1428.35
1849.67
1076.63
1184.60
1358.93
1637.16
937.35
1142.14
1890.98
1759.61
1891.61
1384.44
1587.98
1765.11
1624.57
1929.20
1655.41
1674.52
1670.18
1308.84
1818.66
1371.15
1539.68
1344.39
1496.89
1639.48
1410.38
360.79
700.34
1679.35
1673.55
1104.78
941.76
1101.00
1551.00
1269.80
659.47
708.11
1619.59
1690.23
1544.19
1412.30
1991.24
1898.31
1868.71
1217.47
1464.75
436.52
1384.36
1127.75
1899.14
724.71
1455.84
987.32
1800.69
993.91
1424.56
1656.29
1074.32
1514.52
1767.33
636.30
1258.53
1269.35
1498.24
1499.46
1485.61
785.71
1442.91
1544.24
280.54
744.30
1823.60
1604.99
917.45
1182.40
1783.15
728.93
714.71
1701.27
1762.32
1667.34
1898.05
1903.63
1333.10
1560.91
1284.98
1916.11
1766.61
1584.93
1639.16
1968.26
670.05
1850.54
1179.82
1542.69
1526.02
825.21
1295.56
1572.17
1463.02
817.37
1462.76
1899.27
1483.14
956.31
1338.64
1391.71
1475.34
1897.34
1930.67
633.10
178.64
900.05
1598.16
1792.43
1034.24
1569.30
1365.46
1879.52
1763.43
1797.34
651.62
1825.64
1864.46
1477.71
2006.99
1942.99
1225.77
1896.24
1549.09
1203.61
1294.81
919.17
1496.00
1529.32
1737.98
1171.55
1511.74
336.88
1905.64
1462.79
1411.78
555.62
827.41
1848.41
1674.75
1786.19
1030.15
1881.22
1318.80
871.65
1788.81
1351.06
985.52
646.28
1144.49
1821.87
1938.85
1315.22
689.19
1145.76
944.29
1017.33
1767.53
1177.43
1481.02
1327.57
1538.27
1431.10
1754.35
924.68
1520.39
1884.53
1634.65
517.75
1912.95
1503.12
1892.43
1851.10
930.38
1256.11
663.31
1833.48
1750.93
840.81
1184.55
1787.29
621.44
1074.13
837.55
1604.96
1521.96
1867.29
976.65
1196.29
1233.15
1485.98
1883.16
714.81
1910.72
1282.72
1447.89
272.36
1661.25
1552.46
1857.54
1802.58
826.89
1601.20
330.93
1868.97
1452.95
1599.40
1690.26
729.74
1037.10
1015.40
944.31
1288.34
1344.58
1729.43
1510.78
1445.24
1414.89
1301.70
1403.95
1490.42
1836.08
1121.13
1863.26
1644.56
1744.85
1466.42
1057.21
1436.49
1951.44
1786.56
913.29
1601.51
1616.73
2152.64
1797.05
1656.55
1763.39
1390.71
1496.69
1548.87
1814.07
1120.74
1467.50
888.00
1793.46
1930.15
551.87
1680.07
1922.49
1875.40
1351.53
1272.08
780.82
1156.80
1863.45
1178.43
1680.25
1312.29
822.92
1379.44
1616.02
1296.68
1837.33
1145.18
262.38
959.37
1724.60
1913.50
1688.47
1595.24
1925.54
1282.38
1434.20
1707.28
1743.12
1318.78
1506.83
1329.42
1618.30
1121.47
1537.52
1482.13
1129.19
968.32
685.90
1789.07
1117.01
1546.85
919.85
1109.28
1466.31
1619.11
1075.72
1314.10
1800.98
793.11
1926.28
995.17
802.25
1786.67
1348.76
1719.92
1929.45
1045.02
1865.16
1924.30
1930.84
794.78
544.35
931.54
1430.49
1856.64
605.05
1822.94
1861.32
1194.98
1695.12
895.71
760.41
1617.56
785.21
221.39
1166.56
1716.91
1670.18
1684.50
1934.28
1666.09
1812.62
1641.33
1371.89
1272.66
1694.33
932.57
1549.09
1613.95
1834.68
1294.01
1775.97
1179.93
1599.69
1526.20
1322.76
1295.80
1076.68
1894.53
1064.48
1866.01
2047.54
737.69
1940.81
218.20
1929.33
1188.69
1769.16
1832.69
879.83
1851.74
1943.16
1571.23
1528.61
704.41
1503.81
1706.89
1447.83
1258.02
1809.96
1043.95
1780.30
1570.51
1196.80
378.42
1888.69
556.31
241.86
1327.94
993.12
1810.47
1688.31
1535.77
1879.66
1538.91
1455.07
1577.25
1150.33
931.21
1771.50
1102.00
1583.80
1195.11
1386.32
1658.01
1646.96
1562.24
732.26
824.20
1493.26
1857.44
1003.13
702.32
1222.74
1094.92
1309.08
1092.45
1719.01
1394.34
1771.96
866.08
1926.85
763.49
1976.61
2030.33
1543.85
1130.83
1425.08
873.02
1931.73
1291.57
966.91
1706.43
1173.79
923.76
646.61
1106.93
523.82
1891.30
1907.35
1613.13
1397.78
1373.76
681.00
1479.72
1781.54
1095.12
561.90
1575.87
1612.81
572.05
1289.49
816.47
1187.43
1196.96
1827.69
583.83
493.20
1209.48
1946.03
1549.47
1932.15
1930.97
1386.76
1535.52
1927.19
1173.60
913.56
1060.86
1740.39
1298.81
1684.37
1150.73
1637.19
1767.44
1667.10
1153.32
1903.57
1752.79
1318.17
1761.58
1342.87
999.53
1937.56
1376.43
1228.19
1590.36
1920.84
1509.52
610.35
1576.25
831.19
1172.70
280.01
1464.43
1883.21
1720.56
1166.30
1391.81
1696.21
1880.53
1486.12
1128.64
1468.02
698.04
1956.54
1913.84
1146.38
1790.71
1247.41
1769.32
1842.99
1685.02
751.21
921.29
1539.37
1904.70
1547.29
1155.26
608.28
1239.32
1282.22
1898.49
1626.83
1889.31
1639.38
958.13
1840.93
1321.74
1686.72
1065.79
1582.01
1069.86
1042.14
1456.76
1684.12
1512.87
1522.12
1746.69
1167.42
844.66
983.44
1888.44
1749.59
1602.28
1414.63
1203.80
1492.99
779.79
1810.23
1017.01
1960.73
1007.29
1590.69
661.47
1509.60
1078.79
835.87
444.61
1760.06
1712.54
717.56
1113.93
2027.74
1902.85
1296.57
1889.15
1513.08
1598.44
1502.90
1493.69
2028.75
1117.68
681.76
2059.48
1623.50
1608.31
1668.99
2161.00
1545.36
1571.69
1679.77
1413.50
1124.85
1243.58
1231.73
1633.06
1454.99
2008.66
1580.09
1603.82
1727.06
1652.18
725.03
1892.40
1059.59
1417.76
1447.50
1622.71
1963.81
640.69
1203.40
1324.12
2047.92
1883.95
1339.48
1885.73
1736.58
1721.41
1637.74
954.08
934.63
1846.04
366.93
1938.39
1932.05
1946.66
1692.01
1516.13
1532.14
1519.28
1865.22
345.32
1646.63
1384.21
1102.46
1904.36
755.31
1378.20
1542.41
1637.63
1563.05
1534.55
1616.37
1436.86
1792.42
851.30
1348.32
1140.21
1296.30
691.44
711.41
866.73
1562.22
625.91
1545.52
868.07
1531.21
1932.33
1903.56
1570.16
1904.18
1534.24
1387.23
1761.37
1900.68
1060.64
617.28
1142.10
1744.23
1683.74
1767.76
1902.13
748.38
617.83
1798.15
1073.88
1900.03
954.74
1909.85
1153.44
1734.94
1350.16
1117.82
1311.47
1456.96
1955.01
1286.32
1949.66
1529.52
1503.69
1586.71
1646.71
1944.15
1689.23
1593.84
1150.56
2083.16
1127.29
757.11
1480.69
1280.99
1700.38
939.34
1300.02
1282.66
1720.63
1714.17
1731.90
1317.14
1391.01
1595.18
570.29
1770.49
1563.12
1936.21
1923.13
578.30
449.69
1578.16
1909.55
1037.83
1891.49
766.75
1360.23
1425.64
797.74
2027.49
1414.08
1057.55
1930.96
966.91
1482.60
980.58
683.11
1538.93
1619.91
1891.46
1544.95
1667.36
1637.20
1073.81
1878.36
1704.73
1471.22
1874.35
381.16
1698.08
1304.45
1743.91
609.69
737.75
1947.39
1868.56
1344.19
940.90
1483.51
1899.66
1764.70
1473.97
1629.20
1634.44
1218.63
1676.47
1609.26
1465.99
1108.63
1289.91
816.66
1842.01
1928.45
1477.82
2024.11
2171.30
1927.35
1543.62
1642.11
844.73
991.67
1512.84
746.44
1495.71
1398.75
1909.03
1048.55
1746.65
1580.99
1678.26
1696.81
1412.61
1868.39
268.59
838.63
689.61
1537.65
855.53
1895.76
935.43
2007.24
1606.67
1265.97
1138.98
511.55
939.97
1760.91
1582.68
1629.80
806.91
933.04
1371.10
1274.89
1566.12
1073.90
944.59
1458.14
1557.65
1824.48
922.86
1389.30
514.49
831.81
1701.57
1435.45
1866.30
1483.59
1702.04
1562.53
1854.31
1927.74
1202.62
1924.76
1610.42
1668.14
568.51
1434.62
1703.88
422.69
1894.70
1877.69
1191.38
1503.59
1058.37
1706.23
1341.22
1512.99
1556.19
1506.46
760.31
1700.50
1611.71
1694.94
923.13
1124.90
1962.80
171.37
1802.58
1857.79
992.68
1259.57
1856.76
1597.94
899.19
1762.73
1338.22
1122.74
1496.17
1834.04
1074.46
1392.01
1988.60
1512.45
1202.71
1718.43
1700.68
1332.76
1017.15
1430.97
1144.16
787.95
1283.34
1361.46
444.68
1719.33
336.54
1540.04
1482.93
1709.20
1790.22
1771.45
1490.92
1555.96
536.82
876.39
1519.05
1884.76
1332.45
1609.69
1831.66
1619.08
1304.93
1518.11
1172.44
1620.73
293.65
2098.62
1337.59
991.47
782.64
292.57
1905.00
1345.18
1489.58
1951.40
2051.63
1295.36
1670.59
1593.29
1262.48
1747.76
1558.53
1668.49
1635.84
1527.44
1997.65
1545.00
1660.16
1009.45
992.90
1703.07
1831.48
1364.45
944.95
1919.11
1545.20
1667.15
1715.26
1501.10
1544.61
1180.88
1382.76
1454.67
1969.62
1173.70
1723.53
1668.81
1642.29
2010.77
1404.56
1541.47
1437.41
1654.11
1378.80
870.46
1131.80
1608.68
1364.32
1848.05
1593.44
1263.32
992.16
1011.49
1056.27
1941.20
1567.16
1171.81
1883.04
1363.90
1753.66
2040.10
1926.42
1659.12
1608.17
1627.36
1100.81
565.96
1746.37
1982.60
1827.23
1646.44
2110.20
1676.69
1842.83
1220.55
1076.62
1225.65
1678.65
1645.17
1683.20
1252.33
1691.51
1602.64
908.18
1891.95
1450.18
1933.06
2021.65
1019.85
827.77
1570.45
1873.70
1730.10
1863.63
1080.51
2025.42
1831.89
1919.92
1362.45
1674.84
1966.92
354.38
736.28
1369.34
926.96
1439.11
1194.63
1818.99
1031.03
1139.04
1305.21
1218.63
1740.08
1727.88
1447.00
1151.99
1673.50
673.44
1458.13
1024.59
1943.30
1534.10
1503.32
1455.54
1424.86
1728.33
1326.71
1219.58
524.96
984.48
1503.02
888.95
1495.33
1571.67
1532.77
1985.83
1890.54
1963.20
1602.20
1700.14
1483.18
1923.94
1501.66
1624.29
1884.75
1986.71
1454.60
1992.35
1566.00
1638.29
1949.62
1133.97
1134.62
1978.02
1710.03
1470.19
931.69
1594.42
2000.32
1541.52
1716.76
621.47
1918.64
384.92
1634.05
683.36
1080.91
1681.65
771.40
1366.30
1718.08
1913.34
1824.91
1670.03
1168.56
1089.20
1410.58
1974.91
1878.23
1540.21
1789.84
1391.33
1008.83
1615.40
1205.36
1513.84
1194.93
1580.07
1888.52
1911.98
1925.59
1557.05
1099.09
1904.14
1220.71
1662.85
1309.79
1715.64
1085.18
977.50
1176.16
1536.61
1358.53
1645.01
1032.89
1825.28
1720.08
1759.39
1990.57
1747.51
529.93
1352.70
959.28
1505.95
1955.74
892.38
1690.50
1962.64
1046.31
1290.18
1880.08
1894.07
1452.56
1594.06
567.72
887.32
1167.52
1619.53
1555.37
1588.02
1618.81
1632.32
1398.80
1670.63
719.24
1631.25
1863.36
1923.24
1935.28
1837.16
1506.94
985.27
1013.71
1534.28
942.58
1399.83
1499.09
1686.65
879.37
1732.11
2003.12
1004.93
720.90
965.31
1101.66
1722.14
1366.17
1809.02
1844.75
1686.05
1053.77
1562.40
1048.52
1267.82
1583.05
1201.40
1714.25
1557.60
1176.79
892.39
1404.21
942.48
1824.36
1217.31
1241.00
1682.82
1556.16
818.24
1094.51
1509.41
934.90
688.33
787.63
506.28
1410.56
1855.85
697.48
1663.24
1605.34
1672.84
1568.27
1769.99
2019.69
862.40
1453.01
2046.44
1479.67
1735.65
1307.38
1454.82
1763.01
1404.12
1255.87
1129.56
1624.09
1569.30
1535.93
1368.37
1746.14
789.85
1004.46
1053.62
1634.04
1363.32
1272.53
933.90
1110.55
1426.37
1011.02
964.22
452.37
1630.35
597.42
863.61
1891.78
918.08
1909.35
1305.72
1682.53
1840.28
1357.81
963.60
1822.42
1703.95
1889.24
710.22
1136.26
1065.83
1642.42
471.13
1348.85
1630.41
1460.90
1889.47
1410.74
1357.70
1715.98
1549.11
2032.76
1876.01
1501.24
1756.53
1581.12
796.93
1649.15
972.55
1782.35
853.62
286.74
827.72
1257.11
1649.45
1995.78
946.82
1354.80
1403.90
872.95
1409.86
1654.03
1523.94
1649.29
1930.17
780.49
1606.69
782.62
1906.22
1134.59
1428.31
1059.10
1896.84
1284.00
1309.23
1931.14
1597.74
1283.19
1871.46
1600.26
1523.13
2014.84
1627.87
1139.64
1534.97
1450.69
1792.32
1202.57
1696.23
1190.03
1627.21
1539.70
1840.62
1842.25
2137.82
2053.28
755.28
1443.89
1702.77
1389.82
680.67
851.66
1259.54
1992.86
1404.52
1373.36
1815.82
925.49
1599.27
1644.15
1687.26
567.70
997.76
1759.08
1672.78
787.50
990.22
1928.91
1898.84
1724.24
1802.62
1320.34
389.02
1966.09
1416.36
1177.57
2023.68
1327.15
1810.85
1109.39
1720.30
1731.47
1838.05
1882.70
877.09
1557.67
1224.92
1743.94
1884.43
1353.12
1649.12
1377.81
1602.72
830.32
825.39
1126.30
1363.40
1824.20
1349.63
1884.27
1286.96
1470.25
1448.46
1495.99
523.10
1149.42
1928.71
1948.13
1203.10
865.01
1228.01
1430.40
2068.66
748.62
1890.61
1396.61
2022.02
1553.41
2038.00
794.32
1529.87
1417.67
1177.07
1453.54
1037.17
1011.56
1626.83
1299.68
1825.13
1482.63
1575.99
1663.68
1517.75
1533.36
1419.83
2194.44
1538.25
1501.09
1136.68
1173.49
1877.31
1623.26
1564.69
744.34
1313.30
1857.20
1493.52
1841.42
1956.84
894.30
1435.50
1795.49
1599.78
1029.19
1933.93
718.43
1593.43
1637.84
1641.02
1253.03
764.14
1149.19
1891.68
847.57
1643.65
651.50
1558.63
1714.77
1246.08
1931.90
1652.21
1615.07
1715.79
487.21
1281.98
1108.53
1707.60
1875.63
564.01
1391.51
1396.41
1684.90
1911.95
1346.49
1887.11
1897.50
1150.85
1630.18
1990.15
1501.58
1612.09
1313.56
708.99
1938.90
1387.26
1462.03
1430.01
1941.50
1404.36
310.94
1449.97
1911.49
404.07
1314.15
1679.18
1472.26
1462.78
896.39
812.29
1750.02
1736.33
1339.93
1269.81
1929.86
867.18
1855.71
664.29
1543.92
815.12
1222.95
1434.82
929.71
855.78
1389.07
711.17
1857.02
1336.42
1265.72
1822.73
1309.91
1524.23
1573.62
1415.43
1373.53
1449.66
1369.29
1600.86
941.59
820.60
1014.16
581.42
2037.60
1691.21
1268.54
1327.29
478.73
1152.84
1445.27
1239.90
1261.13
2035.24
1239.20
1434.76
1487.57
1844.23
1735.15
1591.78
1859.43
1179.01
1844.70
1719.04
1385.87
1650.15
1658.14
754.06
1619.49
1273.06
1289.17
1918.88
1774.34
1867.51
1266.94
1650.91
884.20
904.78
1859.81
1329.54
1609.13
587.34
1297.88
1753.99
543.00
1684.97
1691.57
1850.71
376.87
1439.03
2046.12
1999.38
902.35
1372.95
1639.94
1892.51
1768.10
1996.69
1436.13
1501.68
746.37
1501.31
1158.93
836.21
1425.73
137.07
1773.78
786.71
753.85
1593.21
1292.42
1859.84
1316.27
1889.95
1920.00
880.47
1950.20
1629.63
1891.57
720.61
699.26
1663.67
1755.80
1701.25
641.70
1772.34
1992.55
1109.97
1352.30
763.72
1898.70
1894.67
1756.68
2032.87
1712.96
1515.76
672.65
1139.15
1712.49
2015.39
1674.38
1894.15
816.22
1683.42
1506.09
1932.18
1316.72
1435.24
1707.31
691.42
827.00
1937.19
1420.24
1535.05
1778.92
1253.01
1380.82
1508.47
1996.88
795.87
1010.40
1950.19
1706.75
711.43
1531.13
1426.86
1539.12
1866.79
1878.01
1363.93
938.24
1669.58
1517.29
1686.20
950.61
1520.48
1081.42
1358.72
1352.53
1543.87
1892.19
1769.52
1030.78
1656.52
1622.24
1172.49
1384.92
1885.56
1779.58
1602.68
1610.80
1568.13
1970.55
1776.38
1877.89
1871.80
1227.43
1500.37
1559.57
1233.22
1692.39
1770.36
1900.61
1495.71
1672.66
1836.04
650.80
1411.68
768.77
1690.03
1683.71
1628.57
1420.86
775.04
1432.29
1409.93
1385.16
1344.97
1850.96
1943.01
1191.61
1887.89
747.74
1596.83
1028.19
1484.26
1175.49
1064.96
1704.47
1526.14
1235.52
660.73
1483.53
1328.08
1409.57
1895.61
1711.65
1507.64
1865.36
1710.47
1478.30
1440.30
1469.70
1448.26
1306.72
1931.30
934.73
1023.34
1800.29
706.94
1843.30
1576.86
1479.75
1313.99
1784.21
1370.41
1913.48
1842.72
1053.92
1769.04
1122.31
808.36
1396.57
888.15
1969.59
1915.46
1530.54
1507.46
1770.96
313.13
1754.69
1169.49
1277.00
1759.49
1078.94
930.12
1952.08
974.87
1336.97
1698.00
808.48
1616.36
727.36
700.97
1460.50
1631.68
1257.85
1689.35
1515.33
676.52
1904.79
1603.87
1604.55
1708.79
1500.09
1509.45
838.13
1805.01
1871.61
754.84
749.59
434.79
1756.38
1920.84
1290.28
2057.68
1365.28
1348.63
1932.30
1132.34
1947.90
926.56
1450.16
1450.26
949.11
1788.60
1296.62
1362.94
1789.48
1343.03
1047.64
1826.87
2062.54
1631.40
1585.29
1139.92
1053.23
1198.79
1600.09
1278.30
1986.49
1601.87
1324.70
1325.24
894.17
1830.04
1581.58
1166.88
1495.15
1939.17
2119.38
791.63
1777.33
1607.89
781.01
325.86
1554.83
1315.19
1277.06
1085.66
816.70
1713.16
1755.27
1559.48
1783.02
1630.89
1310.82
1017.82
1559.68
1014.75
1295.98
1547.66
1101.90
1055.85
730.36
1132.21
1852.00
2022.29
1685.53
1902.94
1269.76
1684.60
1536.51
1096.45
1404.48
1868.97
1079.90
1757.90
1560.20
1975.44
1444.78
1441.77
1345.07
1877.03
950.86
893.03
1458.24
1498.81
1007.56
1082.69
1188.36
1277.49
1678.98
1447.09
1386.89
1879.92
1586.13
1695.70
268.59
472.49
1878.36
1717.13
924.78
1882.15
909.70
1175.15
734.11
1679.89
1388.15
1997.15
836.66
1624.97
1450.38
694.53
1897.53
1381.06
629.46
1357.53
1697.40
1632.59
1288.01
1951.35
1344.70
627.93
1865.31
2011.97
1388.18
2317.29
1256.75
2101.46
1202.34
1841.11
994.00
1295.82
934.77
1339.77
1629.98
1507.94
1226.30
1568.84
660.28
843.41
1524.65
1294.04
1893.84
1999.18
1647.62
801.86
1388.65
1245.54
909.69
1625.49
951.95
1421.58
1438.59
1428.43
1351.70
1831.67
931.94
961.47
1814.58
1358.22
1746.30
1007.24
865.99
1952.20
1137.59
1391.11
1753.77
1637.42
1232.07
276.27
1884.53
1364.25
1803.73
1331.56
1573.82
1246.94
2019.15
1730.43
1800.17
1599.08
1883.36
785.39
1932.40
1544.83
1433.16
1722.32
1837.04
1546.24
1432.22
1875.56
1798.56
1010.64
1678.27
1286.80
954.35
857.44
1572.91
1996.87
1181.58
320.44
1649.27
749.60
1673.11
1414.11
1378.33
1490.61
1566.19
1563.36
1024.03
1792.70
1295.95
1116.05
1361.78
1521.65
1509.43
1556.74
580.61
1195.94
989.86
1891.03
1235.41
1545.71
1228.76
2073.17
1753.31
1226.73
1892.20
1376.93
1779.27
1563.87
1156.85
1465.47
1659.00
1351.98
701.04
1693.40
1327.53
973.81
1991.08
1257.91
1818.38
1193.95
1636.57
1128.37
1956.52
1540.60
1945.08
1653.50
1570.44
926.69
933.12
1575.75
766.18
1405.73
1085.25
1186.37
1060.95
1801.47
1841.42
1580.12
1111.86
956.82
1574.22
2136.59
1891.30
613.24
1083.62
1028.54
1568.16
1492.31
1626.56
1617.15
1478.26
330.54
1534.26
1859.70
1304.40
1614.22
1176.36
1797.97
1730.98
1157.15
534.62
2099.45
1123.70
1850.16
1681.76
1385.73
1935.58
1304.99
1695.91
1901.01
389.46
1241.27
359.18
1656.72
826.33
956.50
1853.08
2328.49
867.28
1336.30
1505.05
1986.02
1844.86
435.87
1633.63
1360.20
1946.48
1233.39
1940.69
1661.83
1956.28
1469.61
1711.66
1102.37
1481.20
696.78
1788.48
1515.95
1031.83
1257.05
1617.31
1354.66
1770.87
220.53
1688.51
1685.89
1160.10
1242.27
725.11
1566.78
1202.25
1197.81
1228.83
1234.03
1485.75
1338.80
1243.12
1529.54
1574.97
1348.29
1506.78
1338.54
1749.75
1860.96
1260.17
1194.63
843.36
1628.60
885.85
760.22
1286.57
936.75
1838.06
1461.81
998.11
1703.68
1113.68
1931.83
1201.24
1153.15
1250.54
767.30
1299.28
1328.35
1366.23
1896.45
942.51
1262.79
1313.57
1670.47
576.18
1440.95
1365.25
1000.47
1878.86
1924.04
1053.69
1397.66
638.22
1720.54
1770.10
1433.60
1395.02
699.32
1898.15
1296.12
2164.46
1248.95
927.78
1962.61
1445.46
1538.08
1186.27
1647.25
1542.36
1321.58
1266.08
930.27
1314.98
1412.22
769.84
1330.52
814.81
1439.26
1105.74
1494.71
1288.89
1604.63
1898.23
1690.51
1160.93
1985.24
1039.00
1608.37
1147.59
1699.19
1289.23
1262.92
1619.70
1600.10
1571.55
871.84
1143.24
1817.02
1850.98
1675.31
1405.63
1924.98
1739.64
2092.76
1653.25
1516.12
1603.09
1770.26
1537.69
1206.73
1471.53
1505.47
1272.90
709.84
1086.89
1994.82
1197.81
1647.21
1849.99
1843.28
1506.50
892.21
1594.82
1928.40
435.64
1421.74
1331.32
1631.78
1588.99
1333.30
1361.95
788.07
615.35
1269.40
1614.22
1953.46
1706.22
1831.26
1425.88
1684.39
1760.63
1895.38
917.91
1850.70
654.34
924.17
656.43
1426.47
972.79
1654.73
1173.20
1612.63
1641.24
1712.59
1470.63
1363.57
1816.78
1283.07
1676.69
1907.01
1744.85
949.83
1143.31
1674.71
1376.38
1326.41
758.73
899.19
1532.84
1837.05
975.58
831.69
1068.11
1775.31
1378.70
1310.22
978.04
1809.00
1475.43
1659.69
1726.80
1367.79
1182.39
699.07
1430.05
902.33
822.35
1607.98
758.23
1268.63
1989.47
1045.02
1364.66
1079.70
979.63
1132.79
1157.21
1478.02
1517.93
920.66
1456.45
1900.95
1349.03
1223.22
1707.38
1654.71
1922.49
1265.54
1085.09
1435.81
1699.60
1263.77
1270.80
1606.79
1095.65
509.66
1760.50
1707.45
819.20
1102.59
1432.75
1121.67
1701.51
793.76
1141.92
1275.35
1750.19
1629.90
1633.82
1821.24
1325.23
1326.32
1636.76
1827.23
1741.92
1747.63
1889.60
1650.87
1814.69
1204.78
1483.87
1201.30
1193.11
2002.01
1368.77
1191.36
1607.25
760.09
1687.36
1149.89
1085.99
1104.02
1960.58
1507.91
1504.56
1683.93
1449.69
1464.57
896.09
1481.85
1053.03
1514.24
1663.92
1047.03
1206.57
1538.27
945.63
1472.08
1005.67
1546.95
1972.62
452.03
1238.30
725.53
1631.25
581.55
1161.83
880.34
1460.28
1638.17
2336.01
1910.48
1339.49
1076.93
857.75
962.31
1923.79
1581.54
1405.40
1337.65
1531.93
1211.28
1942.45
1557.39
1007.22
2132.59
2073.11
1907.52
1615.83
1449.36
863.90
1536.57
1111.19
1472.32
1531.10
943.77
539.86
2012.96
1473.85
802.09
1308.78
1662.95
1138.99
1652.17
1913.65
993.32
866.90
1387.33
1670.33
717.26
679.33
570.39
1796.37
1740.97
1478.80
1897.23
1218.38
1858.72
1603.52
1284.42
1607.94
1967.55
1638.12
1311.27
1585.94
927.61
787.70
1536.47
1575.58
1582.46
1668.97
994.22
1709.59
1870.03
1641.16
1919.34
1643.67
1673.31
1452.64
2132.02
1821.95
1193.27
849.38
703.27
2005.66
1038.20
1556.76
1765.77
1513.28
1109.82
1443.10
1345.63
1397.49
807.94
1446.96
1808.13
816.79
1775.69
1077.95
1645.16
1531.30
1124.91
933.96
1522.23
1482.22
1613.36
1534.06
1196.98
1677.54
1332.77
1501.35
1508.21
1883.14
1037.42
1849.00
1674.80
1682.73
601.96
665.25
1891.61
1039.85
824.32
1607.49
1076.65
1656.62
674.29
1408.79
1682.15
1632.06
1579.54
1891.65
1891.56
1327.41
1443.45
1480.06
1667.28
1148.72
1078.80
1521.60
1305.48
1172.32
1494.43
1651.96
1171.04
1617.87
1825.74
693.42
805.21
1821.19
1316.81
1290.66
1689.32
1600.20
1123.60
1248.60
1777.83
1463.24
986.08
1907.35
1485.36
1852.03
1397.44
1719.09
1118.00
1465.95
1700.88
1775.35
1906.80
1045.96
681.10
1391.38
1554.53
1094.62
800.92
1834.05
1158.78
2074.57
1306.27
1674.85
1906.74
1683.30
1029.45
1523.93
1751.81
1197.03
852.46
638.31
1129.24
1795.65
1658.70
835.08
1366.16
1386.06
1824.67
1486.11
1914.44
1993.02
1882.15
1492.99
1976.75
938.09
1034.36
592.30
1682.67
1532.95
1301.13
1522.34
1478.76
1930.70
1881.37
1795.45
1321.54
1370.56
1458.19
1720.62
1824.47
1966.73
1209.86
872.65
1558.93
1435.69
1151.03
1350.40
1363.92
1903.62
1171.29
1092.06
1349.96
541.65
1474.85
1600.01
1578.56
1277.39
1235.95
1183.24
1409.86
1112.93
567.54
1560.27
892.65
1664.57
1024.21
1921.99
409.87
1728.95
1882.56
1785.15
1591.46
1917.62
1260.39
1704.84
554.35
1368.98
2065.98
1218.14
1275.34
1349.37
1623.70
326.62
1463.89
1530.83
1208.15
1926.84
1906.06
420.83
1571.30
510.03
1543.04
1457.72
1704.84
1381.90
1793.82
1881.93
559.63
284.42
1412.92
1189.78
1222.21
1391.91
889.54
1712.88
390.41
1882.87
1509.44
887.50
768.40
1007.04
1777.44
1720.86
799.26
1616.00
1601.12
1182.32
690.78
803.50
1532.63
1236.36
1103.51
1316.99
912.62
1615.82
706.41
1226.82
1667.11
1680.88
1850.81
1684.71
1537.58
831.59
1793.44
732.53
1554.39
1205.54
1727.80
1283.83
1251.99
1455.25
1572.58
1481.09
1464.24
2027.24
1857.73
1825.89
843.42
1883.65
1402.85
1391.46
1933.74
1647.18
1676.50
343.74
1168.33
1385.49
1859.49
1338.52
1794.36
1829.62
790.60
1524.56
1794.54
1853.14
1099.08
1020.73
842.73
1316.58
2081.51
975.08
1824.13
1458.23
1231.60
645.42
1671.87
904.43
1507.73
513.16
1274.72
1165.82
1215.52
1648.93
1916.58
887.83
1676.73
860.81
673.71
785.52
1197.30
783.19
1571.13
1802.32
1223.35
1636.09
1225.52
1223.15
1525.56
1540.15
1196.02
1252.67
328.39
508.14
471.51
1644.52
1397.43
1293.58
1089.22
1367.24
1082.01
946.84
1705.87
803.55
1052.35
1335.19
1641.40
1580.22
1079.54
1557.95
1678.59
1749.78
1399.79
1916.83
1335.28
1620.25
1885.40
1356.11
1672.62
1387.23
1704.93
1402.29
1195.40
1637.91
1311.89
1857.02
2055.08
1891.68
1883.82
1728.56
704.77
1640.47
1669.80
1414.53
1532.55
1173.86
1671.84
2049.64
1778.28
1949.20
1278.27
920.52
1373.66
1643.91
1654.60
1806.12
642.97
1361.75
669.72
1444.98
1840.47
1353.97
1640.08
1033.73
863.06
1612.41
1450.62
521.74
1512.49
1311.32
1946.91
1625.00
674.06
1304.81
1709.11
1163.57
1391.18
1608.57
1614.31
1176.84
720.43
406.51
1869.18
1002.12
1692.16
1891.54
1622.09
1545.55
1964.23
926.09
1243.52
1455.58
1269.30
1297.48
797.33
1788.24
1696.35
1400.93
477.04
1299.81
1446.10
1522.28
1151.39
1844.87
899.13
712.25
1271.45
1270.00
1870.24
1369.65
1060.17
1897.76
2314.01
1797.19
1431.81
877.11
711.66
1482.38
1474.84
1785.04
282.06
1793.51
1706.31
1762.41
1568.28
1915.37
1071.01
304.99
1784.56
1863.09
1615.19
1356.25
1178.08
1504.24
1181.02
842.04
1881.43
1132.85
1233.59
1436.59
1058.84
1253.82
1609.21
2002.49
1394.04
677.84
1350.95
1214.40
1731.15
1525.60
1232.58
1675.75
1391.59
1594.27
2001.96
1636.41
1071.77
1497.44
2112.09
1178.39
1564.68
1457.03
1142.04
718.13
1470.93
1011.02
1607.16
791.12
1387.84
1096.95
1264.98
1553.07
836.10
1333.43
1974.16
855.97
2016.70
1105.83
1254.79
943.02
1617.73
1894.24
1403.23
1446.81
1251.42
1048.29
832.10
1875.52
1208.45
1883.35
1626.58
1742.88
1021.96
1455.76
1472.33
1831.76
1191.66
1370.78
1599.09
775.50
1807.59
1868.59
1960.45
1738.50
1699.36
1140.23
1818.78
324.18
1472.66
1258.24
1433.42
790.03
1939.23
1320.28
1515.27
1016.98
1878.13
980.40
152.95
981.54
1179.28
1931.93
2013.78
1818.73
1645.90
1829.10
1141.94
1585.52
1007.88
1296.50
1513.29
883.47
855.31
1668.23
1287.82
767.77
1480.41
1747.68
1417.79
1627.30
1864.85
1304.51
1968.54
1710.71
1535.78
1764.65
1371.76
1398.44
715.39
1081.71
633.57
1682.82
1687.87
1686.72
1505.40
1285.06
1230.39
1310.98
602.08
1748.58
1758.64
1464.98
1907.09
1551.67
1314.29
2311.65
901.23
1210.09
874.05
1665.54
1362.93
1103.46
945.82
1883.18
1746.45
1545.35
1431.70
839.21
1875.98
873.57
1324.37
1554.48
1239.03
1388.40
1340.74
1355.44
1119.17
1003.39
1977.62
1611.56
901.76
1886.34
1325.79
1717.72
654.43
1777.41
1502.83
561.42
1381.14
1490.77
247.29
1523.52
1318.54
1484.02
1721.22
1522.50
1283.21
1883.58
1994.74
637.41
1634.78
807.40
1718.38
1480.29
1181.55
1066.56
1736.36
1742.98
1469.44
1364.15
736.36
1204.67
1768.70
1339.87
1414.63
1323.89
1846.44
509.95
1046.21
1165.84
1134.00
1820.31
748.07
1170.70
1896.04
1386.71
1290.41
340.22
1270.06
1223.85
603.98
1096.87
782.27
1591.41
1543.01
1931.62
1363.55
1787.44
879.85
1597.01
1733.01
1697.47
1529.01
1978.46
1011.77
761.09
1426.50
1224.05
2060.80
1790.98
1547.93
1037.92
1662.05
314.99
1382.01
871.63
1767.08
1446.63
1320.10
1544.65
1650.54
2012.34
1619.99
150.34
1598.58
1752.67
565.56
1036.56
1455.42
1419.05
1357.82
915.94
1944.02
1605.20
1464.20
2151.82
1948.03
1613.70
1316.08
1589.34
1744.35
1268.71
432.74
1618.50
1842.31
1367.14
1304.46
1785.25
716.13
568.79
696.67
1865.26
1200.65
