expected_output
488.93
121.41
483.8
154.78
507.12
124.32
489.34
190.33
185.5
309.35
176.81
128.23
232.03
456.62
277.35
398.73
417.13
295.95
379.18
367.9
334.01
137.5
178.48
219.57
448.38
63.82
191.87
259.46
165.52
350.13
336.88
329.07
329.26
173.56
221.87
253.71
329.97
133.79
414.88
327.85
140.04
198.06
242.7
307.49
144.54
148.72
469.91
187.11
326.39
309.86
349.85
356.08
172.82
360.58
368.05
346.47
396.93
321.81
141.9
464.77
140.72
91.21
326.57
194.93
417.36
309.19
319.66
429.45
478.63
476.19
311.75
291.93
124.13
483.59
256.08
415.02
128.58
315.28
325.25
202.7
252.31
254.0
273.61
129.69
282.41
430.17
177.19
280.93
193.2
329.97
199.01
319.56
413.05
182.75
325.63
303.3
340.74
195.98
322.22
324.8
862.4
1537.36
814.61
1680.23
1291.94
588.06
1412.36
1478.02
772.37
1440.2
789.28
1549.85
1435.83
1546.94
1602.55
1487.09
820.52
722.6
1242.49
804.83
1636.5
1594.33
896.16
1187.51
806.57
1587.55
775.25
287.26
582.11
788.39
1478.58
971.74
1057.69
350.64
1427.24
779.28
1154.14
1379.72
1487.31
866.9
749.83
1100.96
1125.92
818.96
1078.88
1390.89
1628.78
1560.92
805.02
1479.68
796.34
1558.22
1065.49
1502.98
1404.81
1026.95
1239.08
1239.89
797.92
728.27
1340.82
591.44
1132.02
890.79
1468.89
1408.21
764.53
162.71
1669.46
461.25
785.42
850.23
785.99
1228.68
1345.78
1423.58
1562.0
754.31
638.9
819.34
1528.17
1266.68
1135.62
1677.15
1112.45
1117.37
824.45
801.56
916.34
1490.39
1555.71
1290.9
1032.87
614.42
481.21
1198.14
956.09
727.75
707.84
829.73
1916.11
1597.59
1584.7
1005.74
1546.41
2052.52
1079.94
1021.66
1130.05
1751.78
1566.06
1359.97
1557.95
1102.22
1754.75
1745.12
1575.53
1144.63
1922.33
1581.2
985.07
1491.07
1878.09
1719.04
1759.03
223.16
1326.14
1836.82
1101.33
1639.98
675.62
1546.13
1090.2
425.42
1039.14
1754.5
1173.14
1645.17
1660.81
1670.44
1179.18
1534.96
781.68
1564.32
1689.96
1801.1
1922.18
1775.01
1654.06
1817.01
1291.46
314.0
1903.45
1587.95
1911.43
1132.33
1517.5
906.57
1527.6
1272.59
1590.45
267.63
1928.81
1320.75
1606.35
1738.16
1788.0
1272.08
1510.6
1871.86
1662.17
1879.6
1511.88
1284.85
898.74
903.01
1927.84
1316.8
1553.35
942.61
1944.29
1322.45
1506.34
1947.41
1592.44
1857.14
1779.95
239.58
1671.74
1133.99
1898.72
1919.4
2024.42
1928.75
1048.54
1500.74
976.26
1909.31
1660.81
1688.17
1501.69
1093.62
1333.59
734.91
1343.77
796.71
1044.78
1383.76
1418.74
1489.91
1006.58
1293.61
1154.44
1181.21
1160.57
870.88
1038.58
668.54
1153.51
1095.25
1464.08
782.25
743.9
1479.97
1515.58
1135.57
1265.38
1542.78
1138.91
1014.26
589.28
705.52
708.08
1814.41
1347.75
786.15
799.31
185.77
974.5
984.97
731.43
823.34
1300.46
1386.79
886.43
1156.28
1408.05
695.59
995.39
1121.74
1594.27
976.01
665.24
1100.57
669.31
739.21
1332.91
1462.26
625.05
741.67
775.15
1146.51
1789.73
1397.66
606.39
1594.9
1463.06
760.94
749.31
1144.85
1025.08
1109.75
1460.19
1327.99
1421.21
1109.7
1386.72
665.61
764.35
1275.06
816.64
954.45
1334.6
574.2
1186.69
757.91
1818.77
539.77
914.24
1301.84
689.5
930.84
672.87
1351.13
1603.55
997.68
1420.28
804.76
1109.29
1558.85
290.64
270.93
233.07
277.66
324.52
197.04
200.62
385.79
141.72
250.67
156.03
382.35
208.04
289.92
199.73
141.01
521.67
249.28
483.88
130.89
397.71
197.28
229.8
402.44
309.13
347.16
303.67
161.29
129.23
506.1
248.96
340.12
360.61
381.59
239.12
312.12
853.51
202.62
210.94
215.42
461.61
409.2
132.37
103.98
246.11
502.25
268.71
166.67
459.68
185.14
312.87
307.13
326.35
650.09
1154.07
676.93
889.93
728.67
437.49
764.98
816.32
743.34
850.98
788.46
1231.77
460.52
893.77
1147.92
1161.48
314.06
748.08
986.88
1236.03
1095.4
739.76
819.83
1107.62
1099.54
842.8
418.77
139.16
743.28
315.46
313.13
771.98
636.93
1206.25
853.42
728.19
1167.33
491.42
569.44
415.89
749.18
401.97
315.06
1103.29
840.84
780.39
743.27
999.22
799.74
667.32
325.69
1114.68
114.18
831.58
614.72
842.37
589.86
844.0
762.06
656.17
431.63
284.35
751.35
748.08
1244.17
837.84
429.22
1014.29
749.21
1261.16
428.39
625.45
450.54
628.78
745.15
790.41
380.44
658.87
1011.02
728.46
661.64
310.45
752.52
1044.83
330.63
1146.8
620.51
763.85
1084.59
793.98
294.29
451.39
415.59
1225.31
1120.25
402.33
835.94
1445.98
1148.21
1247.9
1419.19
1218.53
472.84
733.0
775.0
1150.56
1416.61
788.47
1418.04
923.75
669.42
1407.58
722.65
732.26
588.42
958.51
1391.37
606.66
587.25
883.59
1494.62
1207.81
738.19
1471.99
732.59
1292.18
640.2
684.1
1129.29
590.79
581.68
779.22
1496.44
1383.01
946.24
1119.32
1285.77
1531.25
885.77
1068.23
1534.79
755.96
205.66
1410.22
1235.0
851.02
1294.38
1464.96
779.7
1541.31
1415.89
569.99
1418.13
858.42
573.36
794.52
1493.85
827.61
1132.68
1156.24
1536.63
1403.1
813.79
1127.75
1332.35
1395.38
654.11
1505.34
457.38
1410.17
471.05
873.98
1338.42
1366.15
758.87
1484.79
1010.79
865.49
303.52
749.21
1440.89
870.63
688.98
1485.71
1419.77
808.98
1521.91
524.03
1148.91
776.06
1013.1
986.38
1160.33
685.93
1286.09
1479.13
800.02
1883.3
1870.22
1971.81
1872.9
1836.39
2026.27
1888.24
1980.97
2068.47
1969.69
1992.62
1895.24
1864.12
1992.83
1845.15
1899.41
1817.88
1878.12
1925.38
1940.26
1940.86
1850.64
2115.29
1914.84
1941.9
1899.92
1869.91
2132.02
1810.71
1956.48
1871.38
1841.4
1953.01
1939.67
2079.47
1811.66
1816.41
1902.4
1906.49
1833.09
1934.64
1950.97
1872.87
1877.03
1866.64
1982.73
1872.45
1784.09
2184.13
2100.79
1849.18
1969.02
1773.86
1902.07
2024.08
1840.11
1929.69
2168.01
1852.0
1752.95
1846.87
1914.27
1848.46
1955.91
1984.5
1845.59
1936.89
1784.56
2011.3
1832.9
2094.33
1869.14
1872.43
2012.27
1840.65
2103.13
1863.84
1919.88
1935.7
1830.76
1895.23
1816.76
1808.59
1880.46
621.18
1878.36
1973.24
1808.59
1809.16
2121.11
261.72
1901.72
2082.08
1907.34
1915.44
1762.2
1963.53
2074.2
421.18
1912.77
1369.59
1172.33
934.03
1898.08
1482.34
816.58
1315.13
1348.85
660.06
1282.94
2194.98
1523.62
1877.08
1805.68
1514.8
2009.05
1708.61
1808.4
1803.4
1378.97
1399.27
2199.74
1797.79
1872.87
1560.25
1465.37
1597.08
765.53
1964.03
1440.43
1669.19
1522.54
1832.96
1108.63
1535.71
1985.42
667.33
1835.33
1651.87
410.36
1972.57
1901.86
1164.3
726.6
1395.73
1704.3
1854.01
768.78
1609.56
1442.76
1485.38
1380.42
1298.14
2092.59
1622.65
996.26
1655.51
1921.98
1411.17
1835.11
1256.1
1075.88
659.09
189.46
1383.09
1319.58
1166.55
1973.18
1374.61
838.76
1517.98
1397.45
1405.81
558.76
1521.82
1592.44
1479.86
1705.54
577.48
1505.39
1145.97
979.07
1504.18
1817.95
534.69
1687.77
1471.91
1656.97
1000.71
1776.1
2121.66
741.74
1455.74
1352.58
1437.49
1725.38
1765.99
1272.01
1026.53
1196.2
1545.33
1854.27
1582.88
1782.36
1868.06
1852.77
1833.15
1818.9
1393.58
1687.52
1385.47
1259.02
1042.68
1460.45
1464.48
1314.71
1532.74
1432.42
1362.05
1645.66
981.87
1564.2
1776.53
1187.13
1204.36
2119.36
1164.48
1693.09
1530.68
1905.22
512.36
1439.16
1361.3
1090.21
655.08
1495.83
1112.87
1173.08
1749.38
1214.14
875.03
1400.73
771.33
1890.92
1030.44
2008.48
1895.81
1122.48
842.04
1722.16
1683.94
1608.84
1963.47
2088.86
1467.54
714.63
1621.36
612.87
1195.75
1899.18
1901.02
806.7
606.48
1363.84
1619.62
1132.3
794.54
1666.33
1448.07
2042.16
1864.49
1861.01
966.04
1871.01
1420.34
1429.09
1724.22
1929.68
1659.97
1695.39
950.82
1831.25
1941.47
1554.4
1625.75
1474.22
599.65
962.72
786.47
1502.03
1939.68
1901.04
1387.43
1419.67
1214.47
1527.11
1708.59
1768.14
1317.55
1708.79
1494.51
1379.8
1927.64
1536.22
1082.69
1645.99
1388.69
1520.73
1596.19
1938.26
1485.73
1633.9
1741.61
1524.32
1617.08
2167.01
1894.8
2024.14
1536.54
1040.01
1127.6
2146.91
2003.75
1953.07
1379.72
1664.96
872.37
556.05
1495.13
1567.95
1191.13
1052.47
1319.47
1953.4
1951.64
1609.53
1794.75
2002.29
2003.97
1801.57
1552.9
1644.05
1831.95
1490.64
2008.86
1609.77
1268.65
1787.17
1752.24
1844.52
695.6
755.07
1907.4
1569.11
1713.72
2090.23
1620.16
1933.79
1659.78
1976.84
1281.63
1805.19
755.8
1619.89
1676.78
391.76
1240.85
1497.05
924.52
1920.16
1663.33
766.37
1552.87
1759.61
769.34
1269.35
1619.41
1774.98
1864.7
1409.49
1009.3
1033.06
934.89
1450.0
1419.17
806.37
251.8
1177.64
1111.19
1755.2
1540.69
1014.38
1767.02
1213.53
1123.13
1541.91
600.98
1282.96
1200.79
1742.94
742.93
1281.21
1033.3
1915.39
1458.58
1478.53
1797.45
1693.42
340.03
1915.58
1753.29
1076.83
1059.61
1687.68
1589.46
1202.16
1697.67
1727.13
1639.4
1615.76
1495.72
1723.06
749.82
1423.22
1355.46
1588.57
1241.65
1582.03
1889.9
976.05
1476.24
1199.91
1892.43
1665.23
1382.68
557.3
1235.51
1901.86
1669.33
857.28
1789.61
1443.29
1150.58
1868.94
1525.22
1456.2
549.33
970.67
1835.33
1747.8
1010.78
973.55
1839.37
1090.08
1437.48
1732.81
1640.14
1488.45
824.97
1790.33
1715.05
1882.69
1823.26
1462.46
1528.08
1602.98
1850.63
766.34
1696.9
1634.94
1542.54
1388.44
1802.37
801.06
1684.75
1427.82
1872.93
1993.82
1550.16
1665.65
1502.37
1777.54
1703.65
984.83
1068.09
1219.33
1303.74
1531.14
1792.25
2056.25
1522.7
1220.69
1201.98
1186.04
1509.69
1186.74
2159.75
1768.21
1716.88
1287.44
1650.95
1590.31
312.57
2084.88
1385.71
1599.02
1642.19
1785.77
1879.89
867.49
608.21
1176.57
704.22
1816.26
248.23
1875.8
493.91
1406.3
1709.59
1514.83
1575.76
1483.0
1304.82
1779.6
1075.19
1605.08
1697.99
1490.86
1966.98
1680.87
709.98
1599.41
598.4
1655.73
314.01
1828.49
800.54
1539.62
1329.78
957.81
1697.48
881.21
1672.57
1710.83
1651.73
1921.73
1810.99
1491.33
1248.29
1206.43
1722.87
1301.16
1560.23
1421.57
775.62
1158.27
1405.68
982.62
1769.6
1331.78
2003.85
547.16
1837.93
1470.75
1846.85
1658.01
379.64
800.03
1773.89
631.17
1059.12
1522.98
1486.44
1688.91
1390.86
1780.47
1334.09
1700.71
772.2
1508.66
1515.68
1163.7
1489.05
1556.0
1648.52
449.15
1022.82
814.73
1442.08
1535.99
1004.3
1242.22
871.14
1140.11
1129.24
1535.4
1858.4
1880.71
1934.07
1440.11
1913.09
1832.65
1037.0
1307.58
816.82
1094.03
1519.64
1203.53
1807.81
1817.95
1514.61
737.27
1670.34
1229.86
1703.31
1741.47
1908.86
1212.19
1813.94
802.61
1530.42
1235.1
1074.29
1707.36
1403.75
1620.16
1834.45
961.66
1279.97
1618.6
773.25
1601.34
1393.69
863.57
1839.71
1507.33
2155.66
1269.6
541.48
1140.65
1520.29
1923.96
1795.78
1729.34
1414.02
466.61
1643.39
1656.73
1406.41
1455.46
1908.37
1389.61
1597.49
1443.9
1662.57
1847.6
1806.0
1835.94
1240.21
1054.54
1058.83
1445.41
1566.38
955.4
1863.72
1495.8
800.63
1525.59
2137.29
1407.81
1138.98
955.73
1399.43
1231.05
799.44
1385.6
795.57
1466.18
1242.84
1224.78
1644.14
989.25
1391.04
1314.15
1175.42
1500.39
1692.25
733.57
1687.98
1184.81
570.76
1406.71
988.0
1479.04
1143.65
1657.47
1248.97
1453.57
1317.77
1727.51
1142.99
1623.97
1158.03
1626.32
1887.34
2068.79
1656.88
1282.55
627.29
1742.09
1484.1
1521.64
1349.41
1615.64
1947.95
1529.35
1423.86
1557.43
1071.32
2026.2
1788.44
1899.74
1186.85
1405.72
1595.7
1645.04
1468.56
791.83
1809.72
1509.1
1829.18
1426.48
934.07
1732.82
1771.18
1395.81
1938.6
1482.53
1550.72
766.79
1486.66
2126.95
1500.43
1684.32
1966.84
1673.58
1500.52
1865.86
1526.9
1517.25
1536.94
1567.26
1638.44
2064.03
896.55
797.95
1858.92
1396.11
1290.3
409.84
1356.01
821.29
1026.66
1861.87
971.12
1522.86
1730.69
1775.53
1413.72
1887.53
1478.9
1084.51
1508.86
1962.03
1532.62
1667.58
226.75
1453.21
898.54
1515.72
1511.69
1271.02
1463.28
1674.58
1646.54
1208.41
1783.32
1522.15
1653.34
1830.8
1191.62
1959.42
1507.28
1793.77
1111.15
2003.56
1532.25
1926.26
1316.7
1053.69
1902.26
1806.16
1483.99
994.52
1446.1
1783.46
1540.34
1616.62
1408.79
487.47
1653.48
1100.53
1400.54
1257.82
2207.96
1282.44
1423.88
1681.45
1035.07
700.1
1395.46
1481.45
1378.55
1555.99
1077.16
1057.78
1522.15
1516.74
1441.25
1453.04
1936.8
1465.06
1182.55
880.69
1489.73
1751.5
1644.6
1447.84
1512.46
764.34
531.45
1007.35
758.36
1264.76
1635.91
1632.4
1812.79
1331.21
1780.7
796.42
1620.35
1857.39
1077.83
1967.34
1245.1
1858.93
653.13
595.96
1489.93
1103.45
1790.14
1225.53
1811.43
1604.29
1480.98
1642.27
1215.69
931.49
1787.24
1731.86
605.37
1225.39
837.15
1137.92
914.44
1438.71
1489.05
1506.81
2112.65
678.7
885.44
624.76
1415.56
1291.06
1509.64
996.82
2170.92
1608.15
281.19
1541.71
1220.5
677.54
1176.7
1471.77
863.16
1824.18
1811.38
1759.3
852.5
491.91
1472.94
1086.6
1549.15
1543.93
1258.56
1641.25
445.18
617.08
1677.76
1676.68
732.27
856.22
1147.03
1472.49
1466.32
1415.02
1777.73
408.64
1304.54
852.16
1543.75
1678.11
1834.84
1699.56
1473.17
1929.4
1444.88
1917.5
1250.72
1610.8
940.06
1469.68
1311.36
826.99
1579.32
1686.44
1620.01
1717.61
1488.29
1638.86
1480.54
1108.79
1357.29
1232.04
894.57
1740.01
1622.28
1523.15
1411.07
2063.32
1845.44
1785.27
454.26
1138.98
1274.25
2063.92
1546.67
1012.93
1542.03
1027.7
1900.13
1703.88
2124.41
1651.6
1522.89
992.19
2008.08
1762.26
104.54
1356.13
953.8
1352.59
1510.04
1398.0
1470.92
1691.02
1472.27
1911.6
1468.08
1128.84
424.2
1658.1
787.86
1422.24
1510.87
1073.17
598.27
867.46
1325.09
1182.91
1636.95
987.65
1760.88
1692.59
597.91
1539.69
1467.5
1422.0
1292.84
1324.7
1771.5
1522.6
1912.07
2127.82
1935.13
1631.88
1429.35
1158.59
1467.56
1408.19
1773.03
1712.72
516.42
1823.27
1923.2
1895.65
1757.41
1317.56
1390.01
1202.27
1235.22
1708.66
689.82
341.29
932.73
559.18
1291.81
1033.6
970.29
716.86
879.1
1522.84
1444.74
616.9
1245.13
1848.62
909.64
1834.33
1856.16
1489.51
1668.77
431.08
1493.64
1452.3
952.0
1333.23
1460.63
1214.87
1994.14
382.99
1584.45
695.54
2247.38
1239.69
1942.67
1131.8
1453.39
1259.75
1631.62
748.97
1400.13
517.73
1410.95
1698.78
1865.06
606.51
1736.37
775.53
1058.49
1024.24
1144.24
1701.17
1368.01
1537.29
1530.98
914.84
617.19
1158.0
1914.91
1824.05
1236.83
2012.41
1855.2
1630.1
1068.36
1539.34
1441.29
786.35
1674.35
1130.57
1540.71
1328.68
1414.89
1633.14
1497.18
1404.57
1678.22
1759.31
1611.08
1515.94
1232.11
1593.72
1758.09
1025.02
1669.9
1187.77
908.13
1679.7
1617.35
1932.04
968.17
1132.19
1227.54
1108.58
1813.61
1241.2
1974.52
592.83
1344.58
1505.65
1382.79
1608.96
1832.93
2012.91
1595.01
1214.88
1276.95
1752.89
2151.57
521.98
1940.65
803.38
1003.61
1751.81
983.93
1483.57
519.14
1849.04
1520.78
1971.04
1950.26
1318.54
1680.28
1533.9
1951.08
1673.68
1389.74
884.88
815.87
1571.9
749.95
1713.21
1421.48
1342.07
2273.9
1577.11
1631.04
1611.41
1107.46
1780.07
1733.09
1945.46
574.0
1011.07
1047.61
1441.17
1832.33
1721.74
1475.88
1921.74
1638.12
1479.67
1614.42
1748.41
1511.39
2033.74
990.31
1388.3
993.2
1728.18
255.13
1751.06
651.62
1349.56
817.15
1212.07
1203.79
1198.89
509.4
1434.91
1367.18
1608.76
1158.37
616.73
1251.74
1591.42
113.23
769.48
1617.23
1743.91
1316.22
1818.03
1696.35
1754.95
1628.35
1661.81
1677.56
1372.65
1788.19
1611.68
1299.25
765.35
1138.32
1125.28
1574.86
581.97
1522.36
1875.25
1748.33
1388.99
1488.71
955.09
1723.4
2138.31
1453.0
1273.81
1793.93
1173.07
1277.8
1499.29
1616.77
942.92
1171.43
1841.44
1778.54
1911.29
1431.96
1629.65
1778.12
1649.27
1952.64
1715.25
1658.01
1730.58
1395.18
1786.63
1401.09
1593.67
1364.55
1491.63
1536.39
1531.03
227.46
740.5
1723.47
1625.08
1207.28
1096.45
1061.46
1558.1
1262.17
622.25
705.24
1575.52
1695.67
1566.19
1393.49
1934.01
1972.81
2016.65
1204.93
1544.56
318.62
1348.91
1018.96
1826.62
678.94
1501.73
1097.57
1725.71
436.15
1411.7
1629.25
1003.06
1508.77
1762.87
575.44
1385.79
1237.95
1503.51
1358.83
1577.73
777.85
1428.77
1574.2
227.93
745.78
1903.24
1628.62
816.92
1185.9
1762.25
668.24
706.29
1805.83
1669.21
1693.65
1921.98
1907.22
1271.97
1544.84
1324.92
1799.27
1719.15
1580.28
1661.47
2023.4
596.13
1814.38
1347.77
1543.72
1526.24
879.97
1250.08
1600.16
1477.62
781.34
1458.58
1891.57
1502.86
938.58
1493.64
1418.88
1528.07
1904.96
1930.01
600.73
61.72
833.46
1654.06
1746.3
495.33
1623.4
1488.18
1813.64
1698.8
1721.81
598.87
1901.41
1911.46
1526.57
1741.49
1900.25
1415.45
1930.36
1515.66
1231.84
1463.8
845.5
1550.38
1528.22
1761.52
1178.05
1511.13
307.27
1946.2
1458.45
1424.64
497.45
789.91
1891.72
1595.83
1717.62
1015.32
1792.72
1351.77
816.21
1850.16
1288.95
954.31
617.57
1197.89
1842.74
2003.51
1419.49
639.53
1167.09
1085.06
1046.32
1741.75
1199.55
1338.18
1374.87
1534.6
1527.13
1857.99
847.42
1467.32
1884.59
1683.1
440.33
1953.78
1460.89
2146.54
1736.96
871.39
1159.5
570.07
1741.89
1688.63
809.1
1147.28
1762.94
609.73
1151.95
779.03
1640.74
1516.88
2065.92
962.87
1223.61
1243.66
1542.34
1924.68
659.56
1921.81
1362.88
1445.1
524.34
1714.37
1520.3
1926.14
1745.58
726.22
1651.42
912.01
1857.27
1514.24
1645.89
1692.69
717.82
1117.43
992.0
960.93
1478.03
1457.22
1754.59
1488.24
1374.28
1540.96
1285.42
1388.99
1507.8
2021.62
1041.66
1823.28
1605.86
1668.25
1483.82
1014.71
1408.21
1908.83
1733.22
847.17
1621.36
1513.37
2099.28
1699.51
1668.19
1747.28
1428.99
1504.33
1593.38
1791.57
1137.37
1539.87
780.24
1723.14
1852.21
491.05
1612.47
1899.5
1885.78
1486.51
1405.71
792.7
1219.38
1802.52
1119.38
1781.37
1224.37
793.83
1518.19
1576.85
1442.66
1830.91
1131.12
355.85
944.94
1762.58
2073.32
1792.17
1649.03
2026.19
1308.22
1513.93
1731.65
1674.23
1381.43
1493.79
1461.16
1676.76
1066.26
1580.98
1497.57
1124.14
999.31
717.28
1848.71
1250.7
1449.0
854.94
1141.51
1466.42
1586.92
1057.19
1353.98
1732.33
739.19
1891.11
969.41
794.73
1704.33
1281.54
1708.75
1910.21
1014.76
1758.33
1911.66
1953.64
776.65
422.82
926.45
1543.39
1802.92
583.1
1777.78
1834.14
1312.49
1595.11
850.06
779.04
1708.99
812.75
206.35
1256.18
1820.26
1715.7
1620.31
1945.15
1709.47
2023.17
1632.06
1417.39
1270.63
1701.5
830.12
1508.85
1513.41
1801.93
1239.1
1682.34
1199.56
1584.83
1565.05
1417.31
1452.16
1245.33
1852.81
1081.74
1808.8
2124.28
755.27
1870.15
216.82
1994.35
1389.28
1727.08
1761.24
919.67
1857.77
1977.61
1623.44
1567.13
670.22
1520.31
1764.39
1575.94
1366.26
1733.51
1156.01
1902.76
1618.67
1208.33
289.79
1897.62
489.37
269.06
1282.34
954.28
1805.28
1790.22
1429.12
1829.33
1554.43
1490.82
1550.38
1123.9
806.31
1732.31
1191.97
1650.59
1421.82
1507.81
1726.42
1624.5
1551.46
705.7
388.48
1485.56
1844.5
1003.89
747.2
1268.06
1065.36
1292.49
1061.04
1681.29
1525.11
1824.89
785.18
1878.58
867.69
1932.5
1951.55
1446.1
1226.39
1527.43
821.43
1909.4
1312.64
978.95
1602.64
1076.53
870.84
589.3
1053.64
522.15
1872.94
1940.29
1713.94
1350.86
1253.63
625.05
1523.57
1737.7
1109.49
459.95
1630.12
1660.86
552.62
1407.51
799.07
1089.89
1240.4
2022.29
411.56
440.63
1300.65
1893.67
1575.81
1877.65
1907.22
1347.08
1611.65
1894.52
1210.64
922.31
1016.87
1716.4
1320.85
1584.99
957.75
1626.91
2010.3
1714.42
1132.11
1953.51
1885.33
1362.35
1705.19
1464.97
976.95
1914.57
1375.63
1274.88
1545.74
1739.6
1513.03
561.84
1566.92
748.78
1084.09
245.86
1588.27
1868.34
1770.37
1181.31
1352.59
1706.56
1923.96
1547.99
1183.66
1480.73
644.73
1822.71
1981.32
1152.05
1788.91
1230.98
1704.88
1940.48
1622.39
707.95
912.49
1477.28
1854.27
1549.53
1205.98
197.05
1352.17
1152.72
1805.66
1602.47
1819.39
1608.62
987.61
1849.66
1469.09
1632.73
969.31
1550.38
1109.68
943.07
1464.0
1626.85
1526.95
1572.52
1819.74
1191.6
796.94
964.61
1742.91
1589.59
1680.59
1372.81
1264.58
1356.46
744.91
1981.29
1136.14
1923.36
1031.52
1636.08
591.18
1500.5
1221.36
967.02
445.11
1634.26
1713.71
678.58
1084.43
2027.96
1854.67
1184.86
1837.73
1555.1
1575.07
1574.27
1499.28
2119.45
1028.07
715.43
1964.13
1658.91
1617.42
1789.51
2176.54
1510.51
1681.13
1598.22
1410.74
1122.55
1200.08
1318.59
1694.42
1480.95
1973.45
1540.57
1640.24
1631.15
1644.56
483.23
1844.3
1001.19
1410.14
1443.59
1668.44
2014.32
592.59
1142.14
1408.31
1905.5
1769.41
1310.95
1946.94
1643.73
1668.36
1778.06
938.89
871.91
1836.9
346.2
1829.13
1955.7
1923.84
1730.89
1474.61
1532.29
1495.78
1813.01
272.08
1621.2
1279.58
1183.77
1951.09
526.76
1390.78
1466.66
1625.48
1650.98
1508.44
1613.3
1473.64
1820.54
815.08
1358.36
1100.1
1203.26
758.74
694.78
844.8
1648.83
556.63
1549.69
811.6
1506.26
1942.42
1919.7
1510.09
1929.49
1485.43
1386.05
1711.45
1914.99
1148.97
571.32
1134.54
1803.59
1601.48
1836.3
1937.77
696.94
546.22
1769.28
1135.8
1812.69
966.52
1865.55
1134.67
1662.6
1194.29
1109.45
1382.21
1485.39
1944.71
1240.1
2038.14
1518.71
1480.77
1694.18
1663.96
1903.94
1756.47
1558.66
1277.92
2080.22
1147.53
769.81
1583.13
1318.11
1646.48
822.65
1300.86
1234.53
1666.08
1640.63
1844.27
1264.06
1437.01
1580.79
517.54
1724.34
1580.42
1843.22
1864.54
520.13
526.36
1672.6
1894.21
1164.48
1864.97
833.19
1234.24
1402.51
758.44
2096.99
1426.42
1109.94
1862.75
428.17
1470.67
996.68
632.64
1440.66
1586.11
1816.45
1481.86
1718.68
1609.11
1038.08
1853.68
1615.34
1491.45
1883.79
300.38
1705.86
1331.56
1671.92
595.7
740.61
1878.47
1849.42
1308.71
939.94
1549.07
1931.14
1731.05
1334.69
1655.79
1657.75
1253.6
1714.73
1642.86
1470.18
1070.47
1340.58
849.97
1804.68
2101.61
1536.21
1941.99
2162.67
1815.51
1584.09
1689.14
704.63
880.48
1513.12
805.86
1509.36
1478.94
1885.86
1153.19
1793.35
1650.65
1596.23
1770.38
1554.9
1798.37
86.04
919.29
742.88
1441.25
761.85
1838.41
390.38
2088.11
1658.08
1276.21
1120.84
497.4
917.63
1667.98
1506.93
1684.66
814.3
880.17
1417.95
1307.72
1616.33
927.88
938.94
1512.12
1506.5
2021.04
897.42
1348.48
493.08
791.94
1753.15
1399.1
1851.08
1469.25
1616.63
1560.82
1851.31
1883.38
1169.6
1915.66
1520.17
1587.13
362.31
1525.07
1737.05
410.99
1874.21
1886.29
1133.71
1516.94
1011.28
1751.36
1203.74
1486.36
1523.77
1495.89
716.98
1718.83
1664.34
1602.49
912.17
1032.21
1865.21
163.92
1729.62
1921.65
872.61
1401.27
1947.54
1606.17
746.8
1793.18
1250.69
1207.9
1433.8
1817.31
1009.98
1387.14
1970.54
1557.75
1254.2
1655.65
1712.6
1290.52
1146.54
1436.46
1161.34
775.59
1359.74
1488.45
387.41
1649.72
416.17
1523.74
1348.97
1748.06
1715.75
1840.82
1458.68
1561.32
423.45
861.58
1510.11
1871.4
1214.32
1670.27
1910.03
1626.53
1470.15
1556.76
1139.0
1585.33
409.15
2237.05
1410.84
1018.47
804.9
176.62
1930.43
1429.29
1470.67
1907.23
1813.54
1348.96
1618.25
1551.19
1125.57
1817.91
1661.08
1603.72
1649.9
1477.57
1992.58
1515.56
1743.1
1066.14
869.05
1669.06
1817.8
1409.89
973.17
2047.43
1508.9
1765.65
1642.33
1586.26
1504.71
1164.31
1541.04
1393.34
1892.88
1164.44
1742.49
1714.32
1652.47
2209.39
1375.59
1513.22
1550.9
1612.21
1434.27
805.26
1117.68
1657.76
1506.46
1817.37
1590.94
1264.89
984.03
1114.75
983.54
1852.37
1548.72
1231.17
1840.81
1404.1
1702.87
2008.31
1956.17
1599.01
1671.19
1674.72
1172.76
508.01
1669.65
1958.71
1827.96
1784.56
2252.72
1743.29
1841.08
1254.76
1011.23
1324.94
1719.35
1619.85
1660.58
1206.5
1647.51
1698.35
928.04
1824.52
1448.71
1963.25
2153.14
1097.32
827.31
1606.58
1828.2
1782.04
1796.01
1130.37
1916.26
1820.59
1877.68
1458.74
1632.01
1962.79
370.78
718.81
1410.53
845.2
1411.7
1227.04
1739.05
1120.66
1143.13
1217.18
1214.97
1723.72
1646.77
1381.88
1157.65
1726.73
245.12
1478.65
959.15
1943.92
1525.8
1494.93
1394.76
1531.8
1727.15
1305.56
1195.49
485.56
970.6
1607.77
899.7
1458.36
1570.02
1604.59
2083.79
1898.15
1751.61
1647.22
1696.48
1459.61
1920.01
1534.37
1594.92
1872.47
1929.47
1476.9
1726.44
1571.07
1555.39
1805.27
1050.0
1240.29
2036.43
1898.68
1488.92
932.42
1687.22
2001.8
1522.64
1602.79
257.26
1950.51
281.24
1674.98
703.44
1132.93
1588.6
782.57
1508.0
1617.99
1866.47
1758.84
1669.05
1163.71
1133.53
1357.66
1881.46
1828.03
1529.71
1786.79
1369.08
876.62
1662.72
1238.2
1577.68
1221.01
1538.32
1886.78
1969.62
1966.27
1530.92
1001.06
1850.5
1229.28
1658.48
1358.39
1683.01
1211.97
959.96
1168.44
1632.39
1459.57
1557.9
1134.21
1759.95
1609.55
1923.32
1991.3
1768.62
487.22
1408.47
1137.19
1429.07
2147.24
831.97
1599.75
1845.72
1155.11
1286.52
1806.06
1736.98
1502.78
1671.6
569.54
861.37
1214.17
1639.65
1576.21
1638.38
1605.28
1686.07
1530.51
1597.15
739.68
1648.86
1846.81
1913.05
1911.63
1830.51
1533.0
916.23
1015.47
1555.58
927.16
1454.83
1491.72
1581.76
871.0
1689.48
1919.16
1016.83
264.19
991.46
953.71
1770.37
1285.68
1743.07
1871.05
1602.0
911.96
1488.37
910.11
1363.11
1615.23
1164.66
1635.41
1523.05
989.29
896.58
1429.19
980.35
1915.12
1295.3
1288.54
1738.02
1487.85
801.03
1176.1
1524.64
890.97
657.91
732.32
494.88
1362.41
1766.91
753.46
1598.32
1581.27
1742.23
1523.5
1831.82
1926.76
825.35
1462.84
2151.99
1536.08
1743.52
1327.28
1407.52
1692.07
1382.21
1318.44
1123.17
1615.44
1699.67
1467.01
1230.93
1632.91
798.29
1100.05
956.86
1658.44
1286.69
1379.31
818.66
935.16
1432.26
1078.62
989.25
449.34
1704.63
426.1
828.94
1836.42
759.81
2039.76
1365.83
1613.57
1832.22
1424.24
882.32
1790.15
1808.79
1800.62
670.57
1025.38
1085.98
1630.51
526.78
1456.03
1680.79
1490.59
1916.4
1257.1
1284.23
1679.63
1534.71
1909.13
1939.2
1484.98
1651.39
1699.53
740.72
1626.23
1005.01
1738.83
930.05
312.74
821.32
1269.07
1717.04
1881.83
988.0
1497.52
1263.94
820.53
1423.27
1680.0
1525.99
1623.15
1872.05
770.27
1614.46
853.63
1800.45
1124.71
1236.71
1129.18
2005.43
1398.04
1289.52
1964.46
1661.51
1224.8
1926.93
1618.49
1581.14
2003.22
1701.98
1120.4
1532.34
1433.77
1697.3
1220.06
1747.58
1203.84
1612.29
1622.0
1895.44
1865.0
2225.82
2073.64
737.32
1527.13
1859.63
1545.32
666.45
762.58
1162.98
1990.67
1371.09
1418.63
1761.9
903.33
1664.43
1555.59
1734.46
508.65
1049.08
1693.92
1730.15
912.18
1118.15
1964.66
1746.55
1779.76
1759.08
1334.29
224.42
1903.42
1444.87
1171.43
2208.23
1461.11
1774.76
1261.41
1578.64
1724.22
1869.14
1830.04
878.08
1683.13
1323.43
1739.21
1895.65
1445.12
1703.74
1410.6
1763.31
769.79
799.02
1157.25
1398.39
1743.93
1314.99
1904.77
1304.72
1502.4
1423.75
1453.36
202.35
1156.46
1938.08
1930.01
1298.0
853.6
1102.45
1475.59
2130.18
745.34
1809.12
1477.03
2096.46
1496.94
1952.87
694.8
1563.04
1421.16
1132.48
1435.28
1117.87
1082.2
1590.57
1237.47
1771.73
1530.2
1584.93
1710.53
1471.08
1483.63
1367.95
2248.54
1508.03
1445.2
1082.36
1174.67
1879.54
1616.44
1562.04
775.43
1437.52
1808.25
1612.66
1842.68
1981.91
854.0
1547.07
1731.98
1632.05
953.14
1949.32
663.5
1532.87
1636.31
1534.76
1249.15
817.2
1175.1
1873.47
993.65
1572.4
264.68
1568.48
1757.93
1252.89
1865.17
1627.36
1680.91
1752.23
489.11
1287.34
1112.77
1787.15
1866.45
541.53
1332.96
1330.06
1739.09
1929.7
1285.95
1887.09
1813.28
1073.05
1595.16
1920.27
1522.06
1654.3
1460.72
458.16
1895.0
1436.11
1306.64
1393.11
1837.54
1426.9
182.6
1377.77
1899.68
222.63
1450.17
1616.2
1346.58
1486.22
896.13
770.71
1717.96
1651.42
1255.91
1161.62
1885.87
379.19
1881.78
598.22
1559.8
794.89
1304.02
1356.89
852.95
841.64
1521.59
753.74
1828.03
1391.32
1249.17
1873.91
1327.79
1481.45
1528.39
1355.14
1473.72
1315.28
1400.79
1684.45
923.47
784.92
934.72
547.32
2085.13
1751.05
1281.09
1258.08
504.66
1156.47
1444.08
1432.53
1217.8
2258.84
1297.26
1349.18
1524.82
1793.41
1755.75
1547.06
1810.31
1338.69
1756.14
1830.29
1443.06
1624.4
1651.48
757.66
1704.53
1265.21
1219.25
1848.5
1875.25
1862.14
1211.43
1685.27
839.92
841.99
1896.44
1262.51
1705.98
510.3
1404.62
1779.95
369.54
1575.01
1703.63
1919.83
279.58
1340.31
2009.94
1938.87
737.43
1353.64
1612.99
1944.17
1735.96
1919.27
1389.72
1500.45
779.15
1513.62
1080.58
768.7
1487.15
62.42
1939.89
719.44
695.78
1556.64
1283.62
2110.82
1338.78
1941.78
1958.47
903.18
1898.81
1656.92
2097.94
701.97
652.94
1624.53
1617.89
1570.13
566.78
1703.97
2179.93
1151.08
1238.68
728.31
1876.98
1876.35
1666.53
2056.15
1593.06
1530.33
591.3
1141.82
1742.64
2009.33
1770.14
1842.47
796.48
1627.49
1441.03
1931.36
1313.68
1388.29
1609.65
324.65
844.31
1941.56
1314.6
1512.89
1852.31
1357.18
1368.15
1486.05
1931.82
816.74
901.72
1957.05
1736.22
645.9
1601.58
1546.79
1517.8
1887.09
1820.34
1385.38
894.37
1748.16
1468.12
1591.67
799.77
1495.28
976.04
1483.15
1330.6
1544.79
1921.07
1706.68
1059.14
1686.81
1674.47
1208.77
1380.88
1833.54
1726.24
1652.76
1709.59
1572.44
1909.88
1708.45
1841.12
1851.33
1242.56
1332.01
1619.82
1255.89
1702.19
1725.14
1876.33
1486.04
1717.96
1928.77
573.93
1380.81
727.87
1769.13
1620.98
1634.92
1409.69
783.42
1362.9
1398.93
1451.01
1327.76
1796.57
1881.99
1290.62
1986.3
701.9
1629.15
944.42
1572.99
1151.12
1120.96
1611.84
1534.91
1178.66
663.14
1465.1
1468.52
1524.58
1828.88
1706.96
1461.49
1786.84
1769.95
1514.65
1551.28
1440.9
1272.24
1484.71
2001.0
923.33
1030.74
1911.43
742.67
1855.52
1578.38
1505.97
1364.3
1765.99
1392.21
1863.05
1811.41
1073.42
1759.48
1157.49
788.11
1499.55
900.07
1800.29
1920.89
1524.6
1477.49
1680.88
296.31
1595.07
1174.51
1178.0
1715.33
1010.43
850.34
1744.88
934.74
1331.11
1770.33
797.24
1534.09
699.84
696.9
1503.1
1724.82
1219.67
1614.32
1560.16
439.52
1881.43
1684.44
1622.61
1655.81
1465.48
1445.95
766.2
1715.88
1831.48
748.45
676.22
271.42
1661.73
1810.6
1178.73
1956.22
1317.26
1216.71
1931.72
1291.91
1937.52
835.84
1447.93
1561.91
934.31
1788.95
1336.1
1266.09
1732.04
1314.85
934.18
1787.57
1989.13
1610.81
1545.67
1162.36
1140.73
1354.57
1641.92
1264.09
1922.87
1671.44
1376.01
1245.44
860.05
1802.05
1552.06
1324.67
1456.31
1876.45
2177.51
759.38
1807.17
1696.58
777.94
310.09
1574.85
1423.86
1357.77
1016.74
787.56
1640.15
1756.13
1569.55
1728.77
1660.07
1458.18
1084.03
1606.01
1103.34
1182.42
1585.72
1177.91
1074.5
746.63
937.34
1821.07
2049.22
1742.44
1939.06
1211.58
1661.2
1643.6
1237.76
1364.3
1898.2
1214.36
1665.06
1663.33
2025.73
1565.39
1404.48
1506.72
1910.99
952.82
861.7
1444.2
1590.19
1004.97
987.26
1219.79
1265.65
1779.81
1457.34
1345.6
1824.29
1575.22
1620.19
288.61
414.27
1984.95
1715.64
938.48
1860.56
873.06
984.56
716.56
1628.6
1257.8
1998.43
854.75
1617.7
1467.02
679.54
1903.62
1263.26
646.06
1341.2
1719.1
1645.94
1290.94
1905.61
1463.31
680.97
1798.09
2048.83
1420.09
2179.76
1191.38
2190.19
1292.93
1806.39
929.64
1443.67
871.81
1180.37
1660.91
1500.23
1347.54
1555.79
723.27
792.89
1491.69
1268.21
1925.55
1918.86
1604.03
747.51
1357.32
1071.82
821.96
1675.43
1001.87
1526.1
1323.52
1432.61
1381.61
1729.38
939.88
977.92
1827.43
1349.18
1910.11
1042.05
817.39
1799.43
1004.22
1240.97
1693.33
1649.5
1294.64
240.76
1849.02
1305.59
1950.61
1402.3
1562.9
1240.42
1959.94
1758.89
1659.93
1614.45
1877.88
738.54
1867.41
1490.62
1541.94
1764.69
1792.08
1468.43
1336.14
1821.27
1720.05
1142.47
1721.41
1406.81
969.62
834.19
1541.31
1943.45
1149.03
129.08
1665.43
726.78
1590.17
1316.54
1257.44
1513.81
1499.36
1609.44
1021.58
1686.18
1224.12
1123.89
1209.37
1526.75
1547.02
1553.58
270.12
1332.15
870.92
1784.56
1261.86
1661.52
1217.56
2145.7
1801.44
1239.22
1881.51
1247.89
1755.62
1573.13
1147.46
1482.3
1530.68
1345.54
681.33
1616.0
1407.5
986.87
2002.16
1256.62
1799.48
1134.97
1458.44
1205.83
1885.04
1548.43
1858.95
1632.08
1578.06
457.68
938.47
1631.39
794.8
1431.31
1034.29
1211.44
1132.48
1901.03
1793.47
1572.18
1173.64
966.97
1655.82
2118.56
1797.68
618.38
1225.0
1104.57
1571.26
1493.81
1669.25
1613.9
1544.79
281.31
1509.7
1798.98
1473.97
1666.86
1081.72
1846.09
1806.73
1092.85
517.12
2154.34
1114.94
1826.03
1725.27
1428.38
1989.98
1306.27
1770.3
1783.14
419.82
1311.27
290.49
1729.42
810.33
927.06
1832.28
2110.56
798.21
1453.57
1574.18
2010.31
1799.09
371.55
1594.61
1268.36
1863.75
1341.96
2009.09
1837.37
2045.33
1464.27
1728.38
1182.72
1459.36
671.69
1731.06
1468.09
961.9
1065.46
1690.97
1426.44
1748.49
261.96
1703.12
1687.52
1011.75
1093.57
771.61
1571.12
1224.33
1235.45
1202.1
1104.92
1546.73
1479.9
1153.05
1374.29
1591.92
1426.17
1544.17
1414.57
1750.46
1935.3
1099.23
1252.56
982.92
1605.32
821.28
691.14
1322.66
797.17
1928.42
1429.6
1007.68
1873.92
1121.85
1945.1
1348.94
1149.91
1352.59
798.44
1351.63
1297.86
1382.11
1858.13
814.22
1298.45
1463.19
1702.12
509.29
1502.06
1395.42
950.47
1908.69
1845.91
1169.52
1388.15
330.0
1624.43
1725.34
1403.73
1324.65
806.81
2111.46
1225.9
2207.32
1152.93
908.23
1947.8
1375.52
1505.27
1250.49
1629.61
1528.1
1342.8
1249.19
859.8
1340.68
1355.6
532.1
1462.53
795.2
1403.22
1107.68
1374.59
1464.17
1681.48
1993.48
1603.12
1256.92
1934.29
1017.46
1687.09
1178.34
1716.44
1314.91
1190.94
1586.25
1628.75
1722.18
842.21
1181.44
1951.9
1728.11
1768.33
1349.21
1971.67
1753.38
2060.49
1596.51
1564.18
1635.71
1840.97
1428.25
1228.38
1452.01
1503.39
1349.28
656.39
1116.08
1844.86
1287.3
1660.53
1963.56
1793.86
1546.21
880.93
1595.72
1840.01
452.49
1484.01
1370.33
1581.88
1624.64
1230.51
1380.59
743.19
565.06
1314.0
1705.78
1956.44
1780.1
1806.42
1387.35
1760.0
1729.09
1953.66
873.38
1829.47
569.39
938.09
497.53
1409.14
985.86
1594.55
1188.8
1649.09
1606.87
1781.94
1373.49
1409.62
1728.61
1336.23
1627.88
1941.55
1643.23
958.96
1224.8
1741.91
1337.27
1400.77
781.7
873.25
1499.34
1809.17
1024.02
818.24
1173.68
1731.78
1453.2
1395.65
985.12
1823.15
1552.57
1596.11
1625.0
1422.48
1252.75
752.45
1439.86
886.37
832.2
1761.28
310.64
1242.48
1981.52
939.45
1331.33
1052.27
902.96
1066.33
1277.24
1537.59
1478.25
833.29
1541.97
1775.46
1455.7
1326.24
1686.67
1649.57
1980.46
1227.92
1129.92
1437.43
1777.42
1290.04
1285.96
1671.05
1188.66
503.79
1666.74
1636.44
839.43
1204.96
1300.27
957.59
1639.93
440.25
1281.83
1202.81
1570.63
1653.5
1690.64
1816.48
1447.23
1454.12
1707.48
1780.04
1685.41
1838.03
1911.05
1647.36
1735.25
1197.7
1511.57
1232.44
1255.9
1733.53
1342.76
1289.98
1671.79
685.4
1791.72
1200.28
988.5
1161.88
1904.14
1530.55
1520.6
1694.4
1434.31
1575.82
837.86
1446.89
981.1
1492.38
1706.95
1046.27
1451.26
1521.58
1000.78
1331.29
880.49
1525.74
1807.15
249.21
1188.79
775.28
1665.76
562.11
1113.49
838.05
1465.66
1564.85
2187.22
2143.63
1311.5
540.19
784.21
966.33
1928.13
1632.74
1396.83
1414.27
1521.37
1297.55
1901.66
1561.19
1096.9
2204.21
2138.42
2094.95
1645.46
1420.78
816.38
1537.72
1160.7
1572.26
1521.33
984.11
505.52
1952.5
1424.32
829.15
1483.45
1626.73
1233.1
1619.18
1945.27
1006.85
818.4
1362.08
1759.34
752.59
699.59
593.91
1785.95
1670.8
1387.89
1898.31
1311.17
1921.73
1614.18
1433.09
1665.68
1935.77
1635.48
1295.84
1569.38
884.13
760.43
1528.88
1605.01
1596.58
1578.04
887.98
1869.28
1845.39
1694.28
1967.42
1656.03
1736.67
1449.31
2182.37
1760.39
1251.0
785.67
769.64
1721.71
990.33
1572.25
1732.82
1471.14
1119.7
1436.38
1334.28
1466.27
837.87
1393.91
1839.31
744.58
1700.69
1014.17
1636.95
1509.56
1191.98
769.25
1563.9
1476.83
1532.77
1481.62
1228.39
1746.77
1326.53
1495.16
1438.64
1843.22
1014.23
1822.71
1764.14
1579.76
594.73
610.48
1815.21
1079.49
846.14
1597.25
953.5
1658.07
318.27
1460.67
1810.12
1669.18
1517.13
1922.73
1884.27
1253.54
1420.29
1512.56
1567.36
1165.63
1143.61
1503.31
1417.09
1212.35
1605.58
1681.42
1246.92
1643.7
1754.23
653.22
788.17
1768.97
1469.21
1422.76
1740.56
1647.42
1160.76
1148.96
1682.0
1402.7
1016.69
1907.97
1478.4
1846.57
1538.38
1768.51
1145.29
1460.38
1705.37
1718.75
2166.12
1029.38
625.02
1369.16
1432.06
1033.13
757.17
1829.92
1208.07
1857.67
1247.2
1744.35
1881.82
1741.8
947.75
1484.42
1701.22
1159.55
743.59
591.01
1174.77
1801.51
1671.33
748.92
1394.96
1536.56
1744.66
1512.74
1948.61
2010.46
1874.73
1495.54
1950.56
928.64
1165.59
554.57
1725.56
1518.43
1361.14
1515.85
1555.66
2128.62
1841.37
1719.26
1453.54
1409.55
1513.9
1643.66
1986.89
1925.56
1413.33
751.77
1648.11
1420.9
1179.1
1399.33
1429.05
1872.49
1116.3
1032.84
1323.28
482.89
1567.99
1584.17
1668.44
1447.2
1213.57
1072.86
1285.7
1062.48
545.3
1563.32
833.01
1608.45
1025.5
1953.57
176.28
1790.86
1848.56
1729.49
1587.58
1924.38
1307.54
1817.14
435.21
1326.1
2157.94
1118.47
1250.94
1488.81
1594.79
369.62
1445.06
1498.31
1354.4
1845.55
1898.44
361.81
1525.6
496.91
1613.22
1367.06
1594.56
1506.52
1764.93
1963.68
525.1
221.9
1383.01
1204.78
1199.8
1468.07
845.33
1720.74
261.47
1770.86
1525.17
773.15
850.96
1108.6
1726.77
1815.79
802.1
1669.31
1627.3
1076.54
658.23
770.09
1482.8
1220.05
1148.33
1459.57
854.39
1661.31
662.18
1196.18
1724.9
1594.15
2006.01
1684.89
1491.86
894.17
1746.95
784.12
1588.52
1150.78
1642.83
1292.01
1258.96
1447.01
1582.66
1579.52
1477.4
1937.48
1776.17
1833.46
794.4
1824.4
1374.84
1485.14
1920.16
1651.22
1736.53
149.1
1192.43
1346.52
1944.05
1434.38
1848.57
1742.93
778.07
1593.69
1673.06
1797.47
1105.77
1042.33
833.38
1479.35
2165.33
988.12
1831.55
1579.54
1239.08
632.07
1743.26
784.05
1487.1
533.81
1129.4
1134.94
1314.51
1782.66
2085.79
894.44
1709.67
848.33
672.01
533.71
1202.41
764.0
1556.27
1803.54
1244.68
1526.53
1171.94
1297.74
1527.35
1540.67
1229.0
1227.79
921.29
414.0
543.57
1608.92
1251.84
1180.11
1078.74
1343.95
1189.81
916.11
1757.93
770.0
933.07
1396.22
1614.77
1587.8
1048.4
1568.41
1705.7
1700.98
1390.72
1910.16
1414.64
1662.55
1782.73
1259.58
1727.66
1503.68
1765.75
1429.87
1303.82
1722.36
1373.92
1812.73
1944.19
1903.79
1842.92
1627.57
393.8
1570.98
1716.92
1342.5
1472.76
1020.85
1693.5
1928.28
1819.32
1945.71
1381.91
908.9
1417.25
1690.28
1730.25
1848.2
596.53
1442.52
582.6
1414.63
2033.81
1503.05
1613.92
978.02
826.42
1676.09
1411.53
324.25
1482.88
1374.99
1912.05
1665.03
706.93
1232.02
1780.13
1245.38
1278.42
1541.26
1663.05
1122.42
757.23
210.27
1767.38
952.58
1707.44
1889.41
1611.09
1525.92
1917.9
848.38
1338.07
1455.56
1330.17
1344.64
775.08
1834.19
1591.14
1429.84
461.13
1174.68
1562.08
1531.65
1004.32
1914.77
845.65
816.36
1386.05
1257.78
1836.57
1407.43
1141.16
1927.73
2109.23
1818.09
1404.57
872.72
677.91
1566.45
1423.4
1699.64
160.86
1719.52
1768.98
1691.32
1588.58
1819.74
979.06
196.53
1738.86
1815.35
1669.46
1403.98
1201.99
1473.83
1044.35
805.31
1928.66
1068.77
1365.82
1403.98
995.06
1200.48
1648.86
1918.07
1385.96
625.61
1451.78
1095.25
1660.92
1523.12
1216.31
1726.2
1514.88
1589.34
1936.61
1645.12
982.03
1435.56
2158.92
1184.61
1572.4
1480.14
1119.43
390.45
1458.89
1087.81
1642.87
783.16
1437.22
1023.31
1295.09
1547.36
736.0
1390.23
1944.15
801.0
2171.41
1022.74
1188.13
934.17
1681.03
1848.99
1396.61
1449.77
1291.33
954.13
775.88
1817.01
1200.16
1862.26
1703.27
1677.77
1138.34
1474.71
1500.98
1870.47
1252.63
1345.5
1686.73
784.67
1859.15
1942.11
1902.88
1740.44
1775.7
1123.37
1726.66
292.72
1435.82
1162.18
1373.03
815.22
2159.83
1373.84
1442.43
916.41
1968.47
975.78
158.59
1021.36
943.82
1925.31
2005.15
1749.12
1644.87
1877.21
1221.64
1619.76
1065.89
1251.42
1500.53
921.7
853.01
1724.47
1240.9
778.51
1446.36
1679.37
1425.75
1672.07
1848.15
1255.99
1942.7
1603.41
1510.38
1715.71
1409.57
1355.69
736.49
1080.41
578.55
1614.99
1617.3
1727.43
1522.13
1283.12
1339.62
1291.45
577.26
1777.99
1800.86
1477.48
1785.72
1568.36
1375.47
2166.45
789.98
1304.01
857.15
1726.39
1419.48
1017.07
1014.16
1776.12
1778.64
1581.01
1505.31
814.33
1994.44
851.59
1393.6
1593.07
1246.4
1521.05
1356.4
1434.9
1127.49
983.55
1968.68
1580.11
736.97
1844.28
1288.14
1739.88
586.19
1832.65
1477.87
475.38
1277.39
1462.5
278.17
1453.49
1324.36
1436.8
1661.83
1501.47
1227.33
1852.89
2182.6
610.91
1591.7
746.77
1645.11
1466.67
1211.23
537.5
1766.35
1778.33
1487.55
1448.92
285.95
1130.23
1768.64
1402.77
1347.06
1213.54
1748.17
503.54
1057.55
1013.83
963.42
1774.02
770.49
1061.0
1942.16
1499.61
1247.49
340.8
1235.28
1054.18
333.56
1172.5
832.97
1598.97
1657.2
1844.92
1421.96
1728.57
845.67
1637.5
1807.46
1576.09
1559.51
2188.59
1090.42
394.95
1394.19
1278.66
1992.4
1814.98
1485.3
991.32
1724.09
238.23
1391.34
815.07
1810.42
1441.27
1254.78
1605.94
1686.2
2056.63
1633.99
49.71
1597.78
1674.72
311.68
1128.43
1398.3
1554.64
1431.79
891.28
1933.07
1648.88
1564.0
2115.19
1953.81
1673.54
1305.94
1574.28
1662.12
1359.16
360.86
1637.1
1819.74
1367.45
1248.76
1742.88
658.26
547.15
653.28
1842.49
1287.7
